prot	pepSeqNum	tgNum	guot_L130410_025c_SW		
Q9UBE0	2	2	16042		
Q9BSJ8	11	12	69309		
P02656	3	4	193169		
O95741	1	1	3346		
P09651	4	7	35568		
P55809	13	17	83778		
Q15631	3	3	32000		
Q96EY1	5	6	41170		
Q16706	6	6	25279		
Q9UID3	1	1	350		
O14548	3	4	24638		
O95164	1	1	6429		
P54710	2	2	9209		
P22570	15	20	76727		
P80723	6	6	38000		
P41252	12	12	25581		
O60443	1	1	7971		
P01019	6	9	102963		
Q86VP6	20	20	110438		
O43865	1	1	30162		
P05388	5	7	52216		
P21980	14	18	63079		
Q8N5J2	2	2	40925		
P17948	3	3	110952		
P07741	6	7	113853		
Q96EK6	2	3	26794		
Q9H3S7	1	1	3818		
P50990	22	23	64469		
Q14315	1	1	89296		
P14868	18	19	404081		
P29992	4	4	40588		
Q9NYF8	2	2	13882		
Q9UBN7	3	3	24462		
P00325	6	10	3515070		
O75264	1	2	23062		
O76041	1	1	3328		
P03952	1	1	26014		
P16870	1	1	8884		
P49327	64	70	2243363		
P17096	1	1	6443		
Q15029	7	7	38190		
O43570	7	9	29517		
P50453	5	5	47026		
P08123	8	9	809842		
Q9Y6I9	1	1	2414		
Q9BQ69	2	2	21359		
O15460	5	5	50055		
Q9UK45	1	1	10707		
Q07812	2	2	32791		
P07093	7	7	10992		
Q49A88	1	1	150		
Q8IZQ5	1	1	9178		
Q16181	12	14	35233		
O43583	1	1	5552		
Q96BI1	1	1	3728		
Q8IV36	1	1	12301		
P01876	3	4	792277		
Q6IPR1	1	1	10446		
P00451	1	1	2141		
O00764	6	8	55216		
Q6L8Q7	2	2	40551		
P49257	6	7	62396		
Q9Y3E1	1	1	6207		
Q9H3Y0	1	1	910		
P35241	7	8	500693		
P00403	7	7	168157		
O75533	7	7	28609		
O75947	10	13	119280		
Q9C002	1	1	5427		
P84157	3	3	8014		
Q63HN8	16	16	57689		
Q08426	32	36	24136		
Q9NRK6	1	1	28918		
P00441	4	5	27608		
P16144	1	1	5509		
P51148	6	6	23154		
O60925	1	1	13883		
P01714	1	1	13732		
Q9UII2	2	2	2490		
O75306	5	7	51846		
P51687	12	15	66852		
P51571	3	3	19540		
P31040	15	19	47026		
P17174	20	27	108899		
P56470	13	19	53454		
Q9Y2H6	1	1	66161		
Q8NI08	1	1	913		
Q9UNM6	5	5	73167		
P09874	9	9	35353		
Q9NVH1	4	4	27630		
Q99832	11	11	35077		
P02452	8	8	1103314		
Q5JTV8	4	4	12277		
O15127	2	3	54928		
Q8TBP6	1	1	5577		
Q99460	7	7	28985		
O75390	16	18	622901		
P48507	1	1	17096		
Q9BRP8	2	2	3542		
Q9Y291	1	1	14142		
P61247	7	8	59176		
Q08174	1	1	7913		
Q8N392	5	5	30642		
P22033	10	10	47947		
Q9HD67	1	1	2118		
A6ND91	2	2	18536		
P49591	5	5	25998		
P49585	1	1	10953		
Q12931	19	22	17798		
Q53GI3	1	1	13650		
Q8TBC4	1	1	20909		
Q9H3K2	1	1	12962		
Q15427	1	1	3054		
P42765	19	26	360266		
Q9UJ83	1	1	124704		
Q8NBX0	6	6	79089		
Q96LJ7	1	1	4467		
Q12929	4	4	18270		
P02748	13	14	124729		
P10253	15	16	63276		
P51149	10	12	123175		
Q8IVF2	12	12	158418		
Q01995	18	19	53479		
O00338	1	1	6632		
Q4KMP7	1	1	32201		
Q9BUQ8	1	1	3310		
Q96HN2	2	2	114171		
P11413	12	13	64571		
Q8IYB8	1	1	10256		
Q969H8	4	4	66232		
Q9BV20	4	4	12245		
Q07020	4	4	45132		
P04181	9	10	329020		
Q5SSJ5	7	8	46856		
Q15437	4	4	33374		
Q8TEK3	1	1	17324		
P55036	2	2	28089		
Q53FZ2	9	9	35201		
P84243	1	1	260		
O43813	5	5	33351		
P35558	20	23	52528		
Q9UBF2	1	1	380		
P42704	52	63	74965		
O95292	2	2	56666		
O94905	6	7	39576		
O43895	6	6	48050		
P62312	2	2	14783		
P02765	3	3	287965		
Q9H2W6	4	4	16527		
Q9Y5P6	1	1	14390		
P06756	8	8	54875		
P55735	2	2	28336		
Q8NBQ5	7	7	131208		
P13674	8	8	86433		
O14966	1	1	139385		
P55285	6	6	21012		
Q9BPX6	1	1	400		
O43852	12	14	55885		
P53041	1	1	7104		
Q14254	8	8	35755		
Q08431	1	1	15147		
O00483	4	5	88366		
Q92522	4	4	35689		
Q96B36	1	1	18953		
P51606	4	4	30113		
P00505	31	37	923250		
Q9ULC4	1	1	3102		
P27694	4	4	14164		
P05198	6	6	44416		
Q92499	12	12	54603		
P98160	68	93	209954		
P55268	30	34	892121		
Q9HAT2	7	8	32763		
P08185	3	3	78715		
O60763	18	19	87245		
Q13564	2	2	4891		
P05026	7	10	31102		
Q13586	4	4	12725		
P05455	10	10	40617		
P17516	1	1	10910		
O94906	4	4	19840		
P04271	1	1	95099		
Q96FN4	1	1	8663		
O95379	1	1	1510		
O96019	2	2	16857		
Q2M389	1	1	120		
Q99715	44	46	47351		
P51991	10	13	33553		
Q9H1K1	1	1	44447		
P08195	9	10	310871		
Q9H008	4	4	31695		
P32929	3	3	33755		
P04217	10	14	210533		
P43686	6	6	16483		
Q9BQI9	1	1	2071		
Q96G23	1	1	14208		
Q5SYB0	1	1	30189		
P48637	20	23	138083		
Q9UGV2	1	1	4966		
P00533	2	2	23056		
P63208	4	5	51004		
P63010	9	9	347044		
Q9UMS0	1	1	29130		
P02549	25	26	110531		
Q9H3Z4	1	1	9492		
P21589	3	4	55851		
A6NL28	3	4	30661		
P04004	7	10	217480		
P31323	4	4	57597		
Q9UJW0	1	1	10768		
Q9NR31	3	4	34314		
P28074	2	3	39351		
O95479	2	2	19391		
O94979	11	11	34779		
Q00610	50	62	252968		
Q9UN86	2	2	32472		
Q6AWC2	1	1	1309654		
Q9BZQ8	1	1	6442		
Q9NRL2	1	1	6801		
Q6P1X6	2	2	22786		
P12956	24	29	150279		
P29144	3	3	22642		
P11217	1	1	15588		
Q14157	1	1	3787		
P49441	1	1	4473		
O96009	3	3	45503		
Q06124	1	1	7881		
Q8WXD9	1	1	22169		
Q14449	7	7	73048		
Q4V328	2	2	12618		
Q92626	10	10	37575		
Q10570	2	2	245462		
O43670	1	1	6003		
O43175	8	8	103119		
O75874	20	23	452205		
Q9HCH0	1	1	43657		
P36871	25	28	107816		
O75569	2	2	13187		
P69891	1	1	92911		
Q8NE71	2	2	10207		
P60174	19	29	262863		
Q16531	14	14	219275		
Q08209	1	1	99416		
P11172	1	1	7759		
Q53RD9	1	1	20204		
Q14376	2	2	44257		
P38159	3	3	63763		
P08559	9	9	148887		
Q5JRX3	10	10	38592		
Q9Y2S2	12	14	1241832		
O75367	7	9	82020		
P37802	13	16	972600		
O00303	7	8	71748		
P51610	1	1	5840		
O75369	75	90	166597		
O75608	5	6	33760		
Q8TCD5	4	4	48649		
Q9HAU5	1	1	21956		
P98095	4	4	27969		
P10643	6	7	90082		
O94855	2	2	27377		
P11021	35	54	284423		
Q96CP2	1	1	1981		
P01833	10	10	201303		
Q96AC1	7	8	62606		
P16219	15	17	169701		
Q9HB40	5	6	34237		
O60240	25	28	387295		
Q92598	9	9	27758		
P55157	4	4	87051		
Q9BUP3	6	6	48650		
P60981	3	4	27944		
Q6UB98	1	1	1699		
P16401	4	4	517956		
Q86X76	2	2	45520		
Q16775	7	7	73400		
P29536	1	1	6683		
P24310	2	2	53819		
Q86WU2	9	11	73596		
Q9NZJ7	3	3	9618		
Q04446	9	9	83658		
Q68CK6	8	11	30535		
Q9BXF6	2	2	3517		
P48728	1	1	6904		
Q99611	1	1	10490		
O43504	1	1	27333		
Q96AB3	7	10	71659		
P10809	48	66	181717		
Q04837	6	8	51540		
Q15363	2	2	9069		
O43493	2	2	3931		
Q8NE62	12	13	28756		
Q9BY66	1	1	15794		
Q9HAC7	2	2	27786		
P18206	54	60	180720		
Q8NEY4	10	10	32110		
Q96BS2	1	1	1010		
P38117	14	17	242682		
O15260	2	2	79013		
Q8WXX7	1	1	41760		
O94808	1	1	7253		
Q96FZ7	1	1	18743		
P22732	1	1	69535		
Q9UF12	7	10	44470		
P05783	37	51	41806		
P08133	27	34	440786		
O00232	3	3	59888		
P84090	1	1	6279		
Q8IUR0	1	1	50149		
P15374	4	4	27038		
P47985	2	4	39054		
Q9Y6U3	17	19	24413		
P13796	17	19	57458		
P51812	1	1	18849		
P41732	1	1	1032		
P40306	3	4	24790		
P55072	29	34	129459		
P20339	1	1	12001		
Q99829	7	7	42608		
Q9NYU2	13	13	50670		
P31949	4	5	113656		
P02753	3	3	167940		
Q9Y285	2	2	17599		
Q12907	4	4	43503		
Q5VWZ2	6	6	75934		
Q04941	1	1	7658		
Q96I59	3	3	15818		
P08648	1	1	5953		
Q7L5N7	1	1	14006		
P62136	3	3	30302		
Q14766	1	1	44210		
Q7L014	2	2	17189		
Q9UQ80	11	12	47749		
Q9UNL2	1	1	11594		
Q8WUM4	17	20	47632		
O60313	13	13	103153		
P49908	1	1	350		
O95428	2	2	2757		
Q14914	12	15	78332		
O00499	4	4	31759		
Q8TB37	1	1	690		
Q03154	26	34	63183		
Q5TC12	1	1	29865		
Q9Y287	1	1	1622		
Q9BX66	12	12	138702		
Q14974	10	13	38935		
O43399	10	12	231940		
Q7LBR1	1	1	16629		
P04792	21	32	262707		
Q9NPA8	1	1	32223		
Q9Y2D5	2	2	16442		
O14732	4	4	26034		
P55795	2	3	26714		
Q14894	8	8	26272		
Q96FW1	6	7	29049		
Q6WKZ4	1	1	3917		
Q969Z3	3	4	51624		
P01824	1	1	39243		
P02760	3	3	142690		
P18077	3	4	64756		
Q96DC8	9	10	131646		
P41218	1	1	12004		
P36578	10	10	56388		
P00746	1	1	65185		
Q15046	7	7	78113		
Q9BRX8	4	4	166636		
P25787	8	10	46363		
P34059	2	2	7943		
O95302	2	2	50800		
O43837	6	7	27404		
P00734	3	4	134392		
P63241	3	4	17675		
P50851	12	12	106705		
O15320	1	1	4463		
P25940	1	1	53710		
Q86YH6	5	5	29046		
Q8HWS3	1	1	17729		
P22392	1	2	29897		
Q96ER9	1	1	2132		
P63096	1	2	66246		
Q9NUQ6	2	2	8076		
O95816	2	2	17488		
Q12959	6	6	60884		
O43182	2	2	13922		
P07360	3	3	132016		
P00918	13	18	535064		
P02461	1	1	91704		
Q9UJY5	1	1	1893		
P36404	1	1	16989		
Q8IUZ5	3	3	38783		
Q6UX06	6	6	55326		
P13866	2	2	12060		
Q9NX14	2	2	21591		
P82663	1	1	5748		
O60869	1	1	19884		
P16949	3	3	45945		
Q9UI12	13	15	16098		
Q9BVJ7	3	3	24745		
Q92688	2	2	11089		
P49023	1	1	5347		
P28065	3	3	26790		
P23588	8	9	42204		
Q9NP92	1	1	3018		
O14773	5	9	429918		
Q96DA6	1	1	8821		
P00846	1	1	19759		
P35244	1	1	11030		
P82909	5	7	117715		
Q93099	9	11	88403		
Q9H446	1	1	18030		
P35237	7	9	109222		
P26641	15	18	84149		
Q5VUM1	1	1	4250		
Q695T7	2	2	24252		
P32322	1	1	6293		
Q8NFU3	4	4	37671		
O14879	1	1	8509		
P13647	2	2	28788		
P02774	10	11	259279		
Q9ULV4	7	7	27007		
Q96DB5	4	5	35284		
Q01459	2	2	49373		
Q96RQ1	1	1	5134		
P00450	27	37	229627		
Q15800	1	1	1724		
Q96NL6	1	1	31370		
O14832	3	3	11879		
P20674	8	12	129849		
P10301	2	2	17644		
P55145	2	2	38049		
Q9Y608	1	1	530		
Q9UHK6	12	16	18473		
O75150	1	1	2701		
Q9Y673	1	1	34716		
O43143	7	7	62592		
P48539	1	1	23931		
Q53H12	2	2	17522		
Q5T619	1	1	190		
P06454	5	8	15137		
P49588	15	15	67146		
Q92506	5	5	26453		
Q9NRX4	3	5	67977		
Q7L523	1	1	2102		
O75506	1	1	650		
Q9NZU0	2	2	20192		
P32119	10	12	1100194		
P23786	15	15	36064		
P55042	1	1	9013		
O14841	4	4	28582		
Q13228	25	27	407226		
Q9C0E2	1	1	177569		
Q9H3S4	1	1	17091		
O95169	1	1	14220		
Q9Y4L1	14	17	134091		
Q7RTV0	1	1	4758		
Q99622	1	1	4707		
P78540	9	11	246009		
Q14152	10	12	69236		
O14558	5	5	156721		
P13987	1	1	28591		
Q9H1A3	1	1	17881		
Q9UL12	8	9	66951		
P50895	7	7	87340		
P15289	5	6	20530		
P63279	1	1	21878		
P98164	58	68	76273		
P62701	3	3	34231		
P00387	8	10	124567		
P50238	1	1	25784		
P16104	1	1	1050		
Q5XKE5	1	1	14727		
Q9H1E3	1	1	20785		
O15230	42	49	258547		
Q99684	1	1	39842		
Q7L3T8	1	1	8005		
Q9BSD7	2	2	3263		
P22102	6	6	86419		
O95758	1	1	11751		
O00592	3	3	30632		
Q09666	130	142	210155		
Q9HCC0	16	20	41861		
P07339	18	25	190317		
P17655	16	17	83692		
P04839	1	1	2253		
Q07065	18	19	86392		
Q6PCB0	11	17	72705		
Q9P016	1	1	1062		
Q15102	4	4	48852		
Q6ZXV5	1	1	4279		
Q96AY3	6	6	19895		
Q14566	2	2	16358		
P01608	1	1	43620		
P05787	34	44	34965		
Q16625	1	1	69492		
Q13085	1	1	15505		
P16278	10	10	62501		
Q13442	3	3	32628		
P35658	1	1	910		
Q9GZZ1	1	1	40926		
Q13177	2	2	13144		
Q8TAQ2	1	1	233885		
Q9HBL7	2	2	21796		
Q9ULZ2	1	1	611		
P67870	1	1	10716		
Q14240	4	4	45642		
Q14444	4	4	30472		
O95793	1	1	3525		
Q8IZR5	1	1	4316		
Q08945	1	1	12168		
Q00688	4	4	132719		
P30711	5	7	62197		
Q96DN5	1	1	11336		
Q16698	13	17	163648		
Q99536	13	15	135451		
O00743	1	1	12077		
Q02790	5	6	47376		
Q13428	1	1	4368		
P31146	7	7	39444		
Q8WXH0	7	7	22554		
Q9BYC9	1	1	11084		
Q99797	2	2	27130		
P61026	5	6	31088		
Q16555	15	19	122173		
O00299	11	12	61043		
Q9Y305	5	5	47857		
Q63ZY3	3	3	27529		
Q8NFZ0	1	1	7347		
O75937	2	2	10497		
Q13823	1	1	6908		
P46777	3	4	36487		
Q8N8Y2	10	12	79638		
P68400	1	1	5618		
O00487	3	3	21906		
Q9NXG2	2	2	22890		
Q9C0E8	1	1	5201		
P08237	16	16	51172		
Q7Z3D6	9	10	62913		
Q99614	1	1	10824		
P46783	3	3	39015		
Q9UDW1	2	2	31715		
Q92945	10	11	28378		
O95562	1	1	920		
Q9Y5K6	5	5	35167		
P21964	2	2	12305		
Q9NZA1	2	2	14233		
P00540	1	1	1417490		
P07910	7	9	94502		
Q13363	5	5	118892		
O75131	5	5	102470		
O43426	1	1	21638		
O43301	10	10	166718		
P45381	4	4	40663		
O94919	1	1	6625		
P40763	2	2	5292		
P11233	1	1	28987		
Q99490	1	1	46817		
P09327	19	20	207236		
Q8N335	4	4	104490		
Q13310	3	3	25132		
P62847	2	2	17827		
O15394	1	1	40836		
P05164	1	1	4720		
P08637	1	1	9834		
P04066	6	6	26568		
Q92896	1	1	277445		
O14786	2	2	11127		
P0CW27	1	1	22033		
P10153	2	2	12570		
Q9NVT9	1	1	4986		
O60701	16	18	64062		
P31639	1	1	1270		
P55196	1	1	32711		
Q9UBD6	3	3	16048		
Q9UKV3	1	1	130		
Q9UGT4	2	2	12170		
Q6P2Q9	4	4	15426		
O60841	1	1	15008		
P15954	2	3	1580		
P12277	17	27	106620		
Q53EU6	4	4	43204		
P01857	5	7	2899174		
P08670	51	77	2750770		
Q9Y295	3	3	25446		
P11310	19	25	275265		
P01137	1	1	7608		
O95872	1	1	9726		
Q13724	5	6	52519		
P60900	5	6	972510		
P15090	5	7	5535790		
Q9Y5M8	1	1	9289		
P23381	11	15	128878		
P54577	9	9	25950		
Q9Y3B8	3	3	14074		
P07585	10	12	647330		
Q9NZQ9	1	1	9648		
Q96AG4	7	7	96570		
Q9UJS0	14	16	238487		
Q9BV79	2	2	18143		
P06748	10	16	83978		
P21266	5	7	41170		
P61088	2	4	34564		
P54725	2	3	19793		
B9A064	1	1	327160		
Q16643	3	3	18538		
Q96TA1	7	8	45339		
P49406	3	3	24262		
Q8TAT6	3	3	13090		
Q9NR45	4	4	37860		
P30626	6	7	68849		
Q9NUJ1	10	14	35952		
Q99733	7	7	36725		
Q9NVS9	5	6	96546		
P00740	7	9	28403		
Q9BTU6	1	1	5756		
Q99417	2	2	14104		
P62993	3	3	17075		
P16070	2	2	33171		
Q9NZL9	4	4	25094		
Q00013	1	1	9472		
P28838	29	33	77682		
O00142	1	1	15049		
P41227	1	1	670		
Q08752	1	1	8695		
Q9UN37	3	3	59641		
P35573	5	5	26578		
P30533	6	6	43632		
O43678	3	4	55118		
P62140	2	2	24163		
Q9BRG1	1	1	43351		
Q15654	1	1	3488		
Q9BVL4	1	1	4481		
P04434	1	1	7380		
Q5TBA9	1	1	1356		
Q9UHJ6	1	1	9836		
Q7Z4H8	1	1	661		
P07711	3	3	17442		
Q8WXF1	3	3	15615		
P38606	30	42	82881		
Q9BY49	5	5	72576		
O43795	4	4	21771		
O95989	1	1	7955		
Q15599	3	3	31727		
Q9H0A8	1	1	3485		
Q8TB22	4	4	22727		
P06733	32	48	459772		
O75629	1	1	6163		
Q15366	4	4	53015		
Q8N1F8	1	1	9636		
P50914	3	4	49759		
Q07507	1	1	49275		
Q9Y4P3	2	2	16424		
P09960	16	18	56173		
A0FGR8	3	3	28597		
P80303	2	2	11934		
P08962	1	1	7279		
Q56VL3	2	2	6890		
Q96SU4	1	1	7694		
Q00341	11	11	59311		
P02787	29	40	899164		
P10909	10	12	259725		
Q9H1J5	1	1	64850		
Q8N4T8	4	4	45191		
P23284	12	14	117033		
Q14558	1	1	5326		
Q969Z0	1	1	4464		
Q14657	1	1	1321		
P04433	1	1	153935		
Q9UBX5	2	2	26669		
P49756	3	3	48729		
P51911	4	4	9501		
P46952	6	6	40150		
Q9NUV9	2	2	10870		
Q9NZW5	3	3	57548		
Q96IU4	7	10	75886		
P29692	9	10	87084		
Q07960	12	15	72843		
P13716	5	6	79049		
P05166	19	25	69308		
Q15628	2	2	41604		
Q14562	1	1	1674		
O43242	10	10	43826		
O75439	3	3	25580		
P10451	4	4	6739		
Q14118	3	3	40829		
P11047	28	36	266516		
P25205	5	5	15736		
A0AVT1	11	11	52886		
Q15388	1	1	13024		
Q16762	7	10	79152		
Q6PI48	8	8	41172		
Q14624	22	24	130607		
O15439	7	7	19129		
P98179	4	5	36748		
Q9NX63	5	5	102413		
Q9UI09	6	6	48811		
Q75V66	1	1	8779		
Q9P0Z9	4	4	14103		
P82970	2	2	3449		
Q6RW13	1	1	1391		
P05556	11	11	87714		
O15144	9	12	117161		
Q96QZ7	1	1	1703		
P22897	1	1	14444		
P61966	1	1	1190		
O43920	2	2	38469		
Q12955	12	12	13688		
Q15393	11	12	39663		
O60885	1	1	359190		
Q02880	1	1	8531		
P48739	1	1	6355		
P52788	3	3	22030		
P29966	9	12	27007		
P35613	5	5	67599		
O95954	13	16	83988		
P55263	3	4	23874		
Q9BYV1	10	11	90863		
Q8TEA8	2	2	6191		
P02763	7	12	450445		
Q9NXU5	3	3	24994		
P49721	7	7	38018		
Q99714	13	19	132947		
P13861	9	9	46971		
P30405	6	6	53454		
Q6VY07	2	2	3758		
P35219	1	1	22652		
Q03252	19	19	79989		
P26196	5	5	49328		
Q08495	6	6	50052		
P39748	1	1	11188		
O75208	7	7	50648		
P19971	16	20	81729		
P09543	3	3	89008		
O00231	6	6	32963		
P01031	19	19	128156		
P01699	1	1	14208		
O95433	2	2	37898		
Q15233	5	6	25814		
P30046	2	2	127196		
Q9Y5X3	8	9	42344		
P46976	4	4	35093		
P49736	2	2	10170		
Q02487	1	1	6179		
O15247	1	1	14768		
Q13938	3	3	60736		
P61916	2	2	21140		
Q9BS92	4	4	78160		
Q96BQ5	1	1	6190		
Q8TF65	2	3	11325		
Q8NBJ7	3	3	69223		
Q5D862	1	1	17467		
P30038	25	33	86235		
O43681	3	4	41869		
P40227	9	10	74267		
Q6P1M3	2	2	21034		
P49368	12	13	75151		
P50135	5	5	52288		
P11277	23	23	53598		
Q9UBQ7	8	10	57887		
O00116	1	1	9664		
P19623	2	2	67594		
O95295	1	1	10384		
Q8IZF2	1	1	1221		
Q16629	5	5	29000		
Q13277	1	1	10033		
P04196	7	8	74596		
P47736	2	2	5715		
P26038	33	41	127830		
Q8WUY1	1	1	18560		
Q9Y6N9	1	1	19769		
Q96QK1	16	17	80848		
Q86UE4	8	8	15894		
A0AV96	3	3	7809		
Q13409	7	7	34183		
Q15287	1	1	2550		
P02675	24	33	1685177		
Q96A26	4	4	98040		
P08574	2	4	102490		
Q13283	4	4	30597		
O60308	1	1	38273		
P62851	5	5	106274		
O15145	4	4	52548		
Q9NZR1	1	1	12986		
P19823	19	23	86596		
P62854	1	2	11045		
Q9Y371	4	4	23824		
Q07666	3	3	31227		
O60285	1	1	42637		
Q00325	12	13	145076		
Q9Y303	2	2	123744		
P10599	4	5	189723		
Q9H098	1	1	7336		
Q9NR28	3	3	41602		
Q5EBL8	2	2	31625		
P53621	23	23	94634		
Q9Y224	7	7	34849		
O76003	6	6	34151		
Q96DI7	1	1	10789		
P09429	3	5	37499		
O75832	1	1	4929		
O60493	4	4	24334		
P35914	5	6	410675		
Q86XW9	1	1	46618		
Q9NTK5	6	6	51606		
Q9H2D6	2	2	15029		
Q9NX18	1	1	2998		
Q9ULA0	4	4	22283		
P53370	1	1	72730		
Q9Y5K8	9	9	78512		
P05997	1	1	49279		
O15126	5	5	21987		
Q15436	2	2	25646		
P21953	2	2	2050		
Q9Y266	4	4	30335		
Q02318	5	5	32812		
Q9NR12	3	3	33079		
P61604	9	12	316040		
P02647	19	29	2073415		
P40121	13	16	24576		
Q5HYK3	1	1	8942		
P28066	7	7	79465		
Q9UBI6	2	3	50899		
Q16401	8	9	67349		
C9J6K1	1	1	85320		
P53004	7	7	137027		
P11142	19	24	216505		
Q9Y2E5	3	3	26203		
Q9H479	5	5	25359		
Q15651	1	1	2292		
Q969V3	1	1	6987		
P28906	1	1	30		
P61923	4	4	69375		
P08754	1	1	8018		
Q13423	34	41	445427		
Q9Y315	1	1	17175		
Q6UW68	1	1	4766		
P47755	5	6	75967		
P11216	26	32	97514		
O43674	2	2	37995		
Q9UGM6	2	2	36659		
O43819	2	2	23535		
P55010	3	3	30831		
Q8WUP2	1	1	131119		
Q16527	3	3	17341		
Q6YP21	1	1	13933		
Q9NP61	1	1	3711		
Q9H5X1	1	1	7403		
Q53FA7	3	3	24088		
Q9BUJ2	4	4	32683		
O43707	42	56	119359		
Q9NZB2	6	6	19334		
P15088	4	4	46637		
Q93052	5	6	31796		
Q01813	23	26	51689		
Q02952	20	22	61751		
P28482	5	6	56996		
O14681	1	1	11279		
Q96BT1	1	1	21088		
P06703	3	3	462181		
Q9UBW8	1	1	960		
P48506	1	1	12614		
P54886	8	9	40397		
P04899	4	4	50076		
P46778	1	2	11371		
O60437	4	4	120027		
P22314	36	48	122575		
Q9Y2W1	1	1	2105		
P19801	10	11	23838		
Q86XP3	1	1	46849		
Q96FV2	3	4	87319		
Q7Z3U7	1	1	1603		
O14556	1	1	31746		
Q9NX24	1	1	12511		
P62424	6	7	82055		
Q03164	1	1	2467		
O75822	1	1	11902		
A6NCI4	2	2	12196		
A2VDF0	1	1	420		
P05543	2	2	41128		
P16885	38	39	53366		
P02766	11	17	485978		
Q7Z406	1	1	7179		
Q9H5V8	1	1	12455		
O14957	1	1	10017		
Q16363	24	25	49426		
P15848	2	2	7184		
P51858	10	11	1700860		
Q9Y2B0	4	5	17358		
P01011	14	17	363638		
O60825	1	1	14448		
P52306	3	3	16353		
Q9H4M9	6	6	47915		
Q9NS69	2	2	27160		
P20700	14	14	35458		
P02489	6	7	15474		
P18031	3	3	30320		
P30153	13	15	148057		
P10606	9	12	130213		
P50440	28	38	98774		
P35749	37	43	45021		
P35754	4	6	185684		
P32455	6	6	97498		
Q9UHE5	2	3	28745		
Q14166	4	4	46361		
O00233	3	3	25843		
Q9Y4W6	9	9	27706		
P62306	1	1	1052		
P00439	12	12	43608		
Q9UNN8	1	1	7678		
O15083	1	1	22418		
P37235	2	2	17474		
P05091	22	31	1130117		
Q0VAM2	1	1	2985		
O43615	7	7	42207		
P13073	10	11	209076		
P67936	8	10	54442		
Q86TX2	1	2	19411		
P06727	24	28	302716		
P51452	6	7	31475		
P63000	1	1	54643		
P16452	5	5	71527		
O00410	6	6	17874		
Q9UPZ6	1	1	11412		
P62826	6	7	337395		
P20711	15	18	57740		
B7Z1M9	1	1	23067		
P18085	4	4	21808		
Q1EHB4	2	2	9233		
P53634	5	5	36863		
Q9BU61	2	2	19071		
Q8WZ55	3	3	38150		
Q13683	3	3	184312		
Q99541	16	21	55596		
Q86XE5	7	8	25710		
Q86WA6	8	10	54871		
P21796	18	24	104479		
Q15075	9	9	32116		
Q96I15	1	1	11741		
P50454	12	18	78823		
O14744	1	2	181438		
Q92599	3	3	15591		
Q2TB90	11	11	25292		
Q8N357	1	1	23433		
P32189	1	1	20301		
Q12765	5	6	22775		
Q9HBH1	2	2	24536		
Q8WWC4	3	3	38543		
Q13232	4	4	67740		
P43304	13	14	59948		
Q92544	1	1	9425		
P30740	15	19	48779		
Q9NWH7	1	1	39972		
P00326	1	3	4141		
P28161	2	2	17996		
P62633	3	3	17433		
P16284	4	4	29565		
O00584	4	4	45765		
Q9Y646	5	5	39052		
P13645	15	17	123739		
Q9H3R0	1	1	103992		
Q9BUF5	5	5	55451		
Q96HR9	2	2	7526		
Q9Y2H5	1	1	4432		
P62333	5	5	31239		
O95163	1	1	16243		
P26006	4	4	98191		
Q9NPE2	1	1	343547		
P23229	8	8	65018		
Q8WUW1	1	1	23617		
Q9H6R3	14	14	252866		
P30039	15	19	58910		
P53680	1	1	19389		
Q9BX97	2	2	17323		
O95340	1	1	6121		
Q15637	5	5	21727		
Q9NPL8	2	2	5138		
P49354	1	1	480		
P27216	1	1	15489		
P46459	11	11	46549		
P02794	11	16	83145		
O43464	6	6	53704		
P53367	5	5	26867		
Q5T4S7	3	3	57612		
P25786	10	10	68460		
O60936	6	7	14357		
Q96HE7	7	7	57694		
Q6NZI2	9	12	727557		
Q9NVD7	4	4	33268		
P13611	12	13	36182		
Q14697	33	42	118121		
P08294	6	7	81870		
P12111	104	131	428215		
P07437	5	8	193386		
Q6FI81	4	4	21539		
Q86UT6	1	1	7407		
O94760	9	11	141848		
P52735	1	1	6047		
Q9H299	3	3	38710		
O14617	6	6	28306		
P50552	5	5	23729		
Q14141	1	1	780		
P49589	1	1	16979		
O75368	6	7	106882		
Q8N3V7	3	3	6621		
P62330	2	3	29730		
P16444	7	8	95519		
Q7Z434	3	3	9761		
P30044	10	15	338165		
Q53GS9	1	1	480		
P01621	1	1	196734		
Q13621	6	6	32797		
P12081	4	4	40421		
P31277	1	1	6737		
P58107	13	16	50974		
Q7Z2W9	1	1	3675		
P04075	23	35	359991		
P02743	9	11	57706		
Q9NQG5	5	5	48711		
Q5VW32	2	2	21616		
P13807	6	6	41851		
Q16540	1	1	6071		
P15170	1	1	8224		
Q93062	2	2	8795		
Q9Y6W5	1	1	12211		
Q12849	3	4	7944		
Q9UMY4	1	1	4990		
Q13315	1	1	8498		
P61353	1	1	30250		
P62277	4	5	42947		
Q9NWV4	1	1	4542		
Q02252	28	37	294021		
Q96H20	1	1	12722		
P00568	4	4	135389		
Q13242	1	1	20448		
P62191	4	4	31244		
P45974	18	19	43077		
Q9BZK7	1	1	1470		
Q86Y39	2	3	60617		
P84098	4	5	43901		
Q9BYT8	4	4	17232		
P14317	2	2	20937		
O00476	1	1	11201		
O15067	6	6	398553		
P62318	2	2	46435		
Q9UMS4	6	6	44613		
P25815	1	1	620		
Q9H8Y8	3	3	13637		
Q5ST30	1	1	2342		
Q14554	5	5	25099		
Q9UHB6	12	12	149761		
Q15019	8	12	65168		
Q63HM1	1	1	1082		
P18428	3	4	44205		
P35270	8	11	61085		
O96008	2	2	48338		
Q9BYD1	2	2	92206		
P07858	7	10	37443		
P80217	1	1	18535		
P52565	7	8	93363		
Q01081	2	2	15283		
P21281	14	17	61244		
P28331	20	25	75495		
Q9BZF1	1	1	13193		
Q9Y696	10	12	61106		
P35998	9	9	52496		
O75970	1	1	354649		
P47897	9	9	107818		
Q96GD0	1	1	2112		
P08519	1	1	8812		
O75165	2	2	9347		
Q99766	2	2	25954		
P11182	9	9	46423		
P52434	1	1	871		
P07237	33	42	152503		
P62269	6	7	63752		
P61106	13	15	91807		
Q9H6Q4	1	1	8143		
P27708	5	5	136384		
Q9H4B4	1	1	5796		
P37198	2	2	11227		
P50213	7	8	46056		
Q9UBI1	2	2	13159		
Q9Y3Z3	16	16	70252		
Q86Y82	4	4	19960		
Q9UBQ0	4	5	102718		
Q03135	5	5	305965		
P01009	30	48	1986488		
Q9Y3E0	1	1	3804		
Q9BXJ7	3	3	26790		
Q8N655	1	1	20812		
O43169	2	2	17261		
P12830	5	8	27326		
P07195	14	17	1251818		
P12814	19	24	188538		
Q05707	34	35	564519		
O60673	1	1	10310		
P22307	8	8	39216		
Q04637	11	11	44766		
Q9BTV4	3	3	34510		
P09622	14	15	122240		
P48047	13	16	237473		
Q1KMD3	10	10	45709		
Q9H0W9	7	11	53209		
Q14204	74	77	86222		
Q02338	5	5	55051		
Q16134	12	13	64700		
Q16774	2	2	29944		
Q15904	5	5	52594		
Q96IY4	1	1	15760		
Q01415	2	2	15064		
P25774	4	4	22417		
P36957	13	15	245358		
P78357	1	1	21642		
P15924	4	4	285942		
P68366	3	4	61676		
Q5HYA8	1	1	2891		
P51572	4	5	342896		
O00401	1	1	2491		
O60610	1	1	5672		
Q9H9B4	10	10	32085		
Q13356	1	1	4743		
P07814	15	15	78865		
P04114	59	60	114561		
Q16853	7	8	595607		
Q15417	6	6	104338		
P35637	3	3	36002		
Q14195	2	2	31219		
Q9Y3D2	2	2	27750		
Q96EP5	2	2	5941		
Q9UEW8	2	2	2610		
P29728	1	1	3647		
P06576	42	64	713882		
O75935	2	2	40214		
O00170	2	2	16428		
O43765	2	2	6133		
Q99584	4	5	98626		
P36551	1	1	5080		
Q10471	3	3	22362		
Q9UDR5	7	8	22772		
Q9UNE7	3	3	32865		
P31431	1	1	4230		
Q8N1F7	3	3	25711		
Q96HS1	2	2	12216		
Q14651	8	9	23082		
P12532	6	6	26241		
O75955	5	5	30670		
Q9GZM7	7	9	78261		
Q9NUQ9	5	5	21088		
Q9HB71	3	3	22527		
P35580	38	45	85502		
Q9GZZ9	2	2	15391		
Q9Y6B6	1	1	52982		
Q9UJW2	8	9	69718		
P24752	23	34	267546		
Q8WZ42	1	1	35163		
Q9BRA2	3	3	33650		
O96007	1	1	6552		
Q9Y3B3	2	2	19193		
Q9HCJ6	2	3	8706		
Q96HC4	7	8	32268		
P01860	2	2	68482		
Q9ULZ3	7	7	21671		
P54136	9	9	12807		
P06753	4	6	50432		
Q8NF91	2	2	7057		
P54819	15	20	420909		
Q9UNH7	2	2	109505		
Q9BV38	1	1	116984		
Q53SF7	4	4	26123		
P51659	16	17	82054		
P78527	28	28	144900		
Q9HCH5	1	1	3855		
O95336	9	10	90925		
Q5JU85	1	1	430		
P04264	24	26	269201		
Q9NP97	1	1	4955		
P15153	2	2	25565		
Q00796	9	10	372184		
Q92820	9	13	24235		
Q15274	5	6	49020		
Q8WVY7	1	1	4508		
P08238	11	15	85413		
Q5TDH0	3	3	27719		
Q9UN36	5	5	33414		
P13797	11	12	45488		
O94886	1	1	3450		
Q5TEZ5	1	1	32358		
Q9HBJ8	1	1	5069		
Q9UIQ6	3	3	12078		
Q9BR76	4	4	124589		
Q86W92	1	1	45855		
P31930	16	20	132067		
A0AVI2	1	1	28786		
Q06323	11	12	76304		
Q9BVG4	4	4	33539		
P31939	20	22	40041		
Q969X5	8	8	59835		
P30041	17	23	902988		
P50993	1	1	2043		
P11234	3	3	22136		
O75347	6	6	64177		
P63104	9	14	445936		
Q14247	10	10	57129		
P82979	1	1	26824		
Q96LD4	1	1	1354		
Q99798	40	61	201479		
P19338	22	23	118123		
P20290	1	1	12337		
P20618	7	7	138912		
Q6P179	1	1	11291		
Q92817	3	3	35690		
P57105	3	3	37111		
P48735	19	25	87064		
O76094	4	4	30090		
P23297	1	2	73301		
P02671	30	41	876333		
P61158	7	7	310662		
P60953	4	6	59432		
P80365	5	6	18058		
P62861	2	2	34647		
P56199	3	3	31516		
O75436	5	5	59355		
Q96LB4	2	2	17672		
Q9GZT3	5	6	54762		
Q8NFV4	10	13	57190		
P37837	14	14	239448		
P17987	15	18	227764		
Q96C86	4	5	61059		
P35908	15	16	65804		
Q9Y2R5	1	1	7466		
Q96CG8	2	2	40791		
P62195	9	9	20033		
Q9Y6N5	13	13	22679		
O15372	4	4	27525		
Q9UHD8	13	13	34445		
P05452	1	2	17454		
P51884	13	17	550737		
P13284	1	2	10491		
P42285	2	2	110171		
Q9BVK6	2	2	32690		
Q9H223	11	11	59528		
P51801	3	5	8208		
Q15907	2	3	41724		
Q01449	1	1	1152		
Q6P4A8	6	6	44428		
Q8N370	1	1	1794		
O95154	7	10	80657		
P0DJI8	3	4	61984		
P09234	1	1	4721		
Q00059	3	3	26747		
P62937	10	13	1699539		
Q96JB5	1	1	980		
Q6ZWH5	1	1	930		
Q9BWS9	1	1	4222		
P15121	16	21	52137		
Q13263	8	8	8278		
P61978	14	19	96978		
Q5VWJ9	1	1	2390		
Q07157	6	6	23777		
P62249	8	8	64187		
Q9H6R7	1	1	36943		
Q10589	1	1	140611		
Q14116	2	2	116224		
Q9H3K6	1	1	8924		
O95394	4	4	58802		
Q86UW7	1	1	14616		
Q9ULD0	22	25	67874		
P62917	2	2	68034		
Q13011	13	14	226878		
Q9NR19	9	10	70781		
P83916	1	1	2779		
Q9UBR2	4	4	40515		
Q8WWM9	1	1	13076		
P17931	8	13	159348		
Q8TBX8	1	1	9450		
O75923	2	2	16644		
P04003	3	3	66973		
P48681	15	16	31345		
P49915	3	3	37031		
O15533	4	4	20905		
P27338	10	13	117069		
P53990	4	4	62458		
P46939	4	4	23344		
Q9UHB9	3	3	160227		
Q9UKL6	1	1	26209		
Q9BQ61	2	2	3356		
P0C0L5	3	3	77289		
Q96S37	1	1	36677		
P21810	13	20	116122		
Q8IXM2	1	1	4577		
O95834	6	6	47729		
P61019	5	6	37949		
Q8N8R3	1	1	30714		
Q9P0V9	2	2	25539		
Q8TB96	1	1	3680		
Q92572	1	1	8566		
Q8TCS8	6	6	47970		
Q8NI60	2	2	54345		
Q8TDX5	1	1	8019		
O75663	1	1	5147		
Q08170	4	4	12981		
Q9Y263	1	1	1033		
P42766	1	1	44492		
Q969T9	1	1	25082		
Q13057	9	10	96367		
P02652	7	8	734058		
Q12802	2	2	64602		
O95168	3	4	66044		
P62888	2	2	40370		
P40616	2	2	16272		
P78324	1	1	1308		
P36969	5	5	64180		
Q8N766	3	3	21218		
O43684	2	2	14597		
P20042	3	3	8467		
Q9NXE8	1	1	19519		
Q9Y5L4	2	2	45957		
P54727	6	7	71765		
Q15120	2	2	9256		
A6NDB9	2	2	18946		
P17568	1	1	9725		
Q9NZN4	18	20	429198		
Q96M32	1	1	67286		
O60343	4	4	25484		
P19320	2	2	7936		
Q9H9J2	1	1	751		
P37231	1	1	14517		
Q8NHP8	1	1	12995		
Q9NQ48	1	1	6896		
Q99623	18	22	187804		
Q9Y490	60	77	126025		
Q8WWV3	1	1	350		
P00491	14	16	72533		
O95757	6	6	79210		
Q03426	1	1	10879		
P35680	2	2	2421		
P21399	26	31	414106		
Q96CX2	14	17	67691		
P13591	1	1	290131		
Q92905	5	5	25057		
Q9Y617	9	9	43577		
P31689	5	5	18446		
Q99543	1	1	160		
P15586	4	4	13586		
Q96G03	11	13	38121		
P62314	2	3	42352		
O75348	2	2	15957		
P29034	1	1	13067		
P01903	3	4	38896		
Q53FT3	1	1	4865		
Q9P273	1	1	43196		
Q9NZT2	1	1	4407		
Q6IQ23	1	1	23776		
Q9UM54	9	9	51557		
Q8TC12	3	3	54379		
P09871	4	4	67994		
P53396	28	32	107898		
P05154	6	6	39139		
Q6UB35	1	1	46020		
P34897	17	20	77096		
P39019	8	9	58684		
O75781	3	3	31252		
P61313	4	4	44691		
Q9H4L7	1	1	16032		
O43396	6	6	42088		
P16671	6	8	783296		
Q96GA7	3	3	17638		
P09210	2	2	17261		
Q9UEU0	3	3	18602		
O94973	9	11	59698		
P81605	1	1	34888		
P63244	10	11	56822		
P08493	1	1	8382		
P14324	5	5	56127		
Q9Y678	13	15	62229		
P52789	3	3	28498		
Q9NRX3	3	3	21917		
P12694	11	13	53556		
Q96CN7	3	3	53448		
Q9Y2Q9	2	2	45609		
O95747	5	5	15147		
Q8NFF5	2	2	14565		
P07148	6	7	20414		
P08729	25	30	27061		
P68871	12	23	29578500		
P58546	3	4	46776		
O14907	1	1	5936		
P55083	2	2	39075		
P05067	3	3	20991		
O95219	1	1	5278		
P33176	9	9	66948		
P02790	12	14	800311		
P17900	4	5	46854		
P05386	2	3	55010		
P49006	1	1	2713		
P02545	45	53	462216		
Q658Y4	1	1	260		
Q9UHY7	3	3	41944		
Q9NSK0	1	1	31102		
Q6E0U4	1	1	4534		
Q96HY7	7	7	100574		
P09936	5	6	55759		
Q16650	1	1	17792		
P04062	1	1	2434		
Q13509	2	3	79742		
Q9NX58	1	1	8295		
P25391	53	58	33351		
P24844	3	4	209016		
P18621	3	4	34015		
O15347	2	2	95879		
Q9NVA2	7	9	43382		
Q96PD5	1	1	490		
O00567	4	4	19726		
Q5T6J7	1	1	3228		
Q9NRN7	1	1	9387		
Q13642	2	2	99751		
Q9Y2Q5	3	3	45538		
O94819	1	1	660		
O76021	1	1	28826		
P01891	1	1	11883		
P62273	2	2	33518		
Q13576	32	33	46682		
P10412	1	1	12886		
Q5T2T1	3	3	13102		
Q05682	21	22	53504		
P24298	1	1	26088		
Q9HBH5	3	3	46795		
P33121	20	23	275713		
Q9Y5S9	2	2	26076		
P21333	84	115	52334		
P62805	10	13	1903832		
Q8WUK0	1	1	2397		
O00115	2	2	17246		
P04080	3	5	143567		
O15027	2	2	3847		
P08697	5	5	64099		
O00515	5	5	20845		
Q15526	2	2	19728		
P30086	11	20	279658		
Q9BZE1	1	1	2714		
O15195	1	1	52032		
P50336	5	6	31521		
Q9BYD6	3	3	12464		
P17813	1	1	1380		
P48643	12	14	327152		
Q92930	1	1	10550		
Q9Y3D6	3	3	37861		
Q9UMX5	1	1	22813		
Q8WUI4	1	1	82471		
P49755	4	5	54801		
P52943	4	5	61732		
P35579	92	125	167647		
Q9NTJ5	4	4	16182		
Q9P032	1	1	4912		
P07951	3	5	41279		
Q96DH6	2	2	20426		
P36405	5	5	46078		
Q9BPW8	10	14	25015		
Q8NEZ3	1	2	104013		
P28330	3	3	16599		
P24666	3	3	135370		
Q9H4A4	9	10	32619		
Q04760	8	9	82464		
P29972	1	2	18370		
Q13247	1	1	101631		
P21695	20	25	850684		
Q15418	1	1	17228		
Q9C005	1	1	1010		
Q9BT09	2	2	8776		
P02788	11	11	53838		
O14828	2	2	20595		
Q8TBA6	1	1	96002		
O75431	3	4	56333		
P30419	3	3	27239		
Q9NYL9	7	9	16315		
O00571	5	5	20117		
P41091	1	1	5143		
Q9NZD2	4	4	20916		
P09382	5	5	602666		
P55786	12	14	69122		
Q01085	1	1	5312		
Q9BUP0	3	4	13548		
P00390	15	21	49331		
P49189	11	13	162254		
P62714	1	1	2862		
A1L0T0	2	2	12346		
P42224	16	17	52225		
O60488	1	1	8152		
Q7LG56	3	3	7086		
Q9H3G5	5	5	135601		
P57737	3	3	19840		
P27797	19	23	86649		
Q9Y478	2	2	4350		
P35542	2	2	28742		
O43181	4	4	62176		
Q02543	3	3	32340		
O95782	3	3	51725		
P07738	4	4	86457		
Q9H173	2	2	8309		
Q02218	21	25	177051		
Q6P4F2	1	1	4810		
Q96P70	2	2	11722		
Q16881	7	7	47139		
P38571	1	1	10807		
Q15084	14	19	50300		
P62906	3	3	61027		
P09493	9	10	68438		
Q15942	6	6	43799		
Q9UHL4	9	11	32320		
Q9Y3B7	3	3	37402		
P01764	1	1	102429		
P01040	1	1	20840		
O95347	1	1	70		
P36269	5	5	35773		
Q7Z2W4	2	2	8070		
P19652	5	7	185446		
Q6PEY1	1	1	7625		
Q9Y512	4	4	154918		
Q9UHV9	3	3	93012		
Q13451	8	8	47397		
P62495	6	6	55581		
P14543	28	32	170366		
Q14789	1	1	5586		
Q92621	1	1	1061		
Q08211	21	23	46052		
Q86TU7	2	2	1270		
P69905	17	38	21004970		
Q9H2H8	1	1	8219		
P31513	1	1	3948		
P07900	15	19	87107		
P62244	4	4	76358		
Q9UBU9	1	1	84565		
Q96M96	1	1	5062		
Q92747	1	1	30444		
Q709C8	5	5	27558		
P04275	16	17	47575		
O60664	15	19	40407		
Q9Y6C2	11	11	137354		
P40261	7	10	34872		
Q6IB77	14	16	24952		
O00186	1	1	1210		
Q16186	1	1	2321		
Q53H82	5	5	31415		
Q9P253	1	1	1603		
Q8IX12	2	2	355556		
Q16773	1	1	4376		
Q16666	5	5	16515		
P30101	29	42	207721		
A6NDG6	1	1	15975		
Q15165	5	7	58425		
P00736	1	1	11380		
O15244	1	1	5126		
P06865	9	10	38479		
Q9NQP4	1	1	14294		
P28072	3	3	31256		
P05155	10	11	340702		
Q8IYQ7	1	1	7197		
Q9UQB8	1	1	8847		
Q8NF37	2	2	3174		
P13639	22	28	159590		
O75146	3	3	26410		
Q6P587	7	10	21364		
Q9BTE6	2	2	7168		
Q86U42	1	1	24576		
Q99816	2	2	12602		
Q8WVM8	3	3	14199		
O60218	5	5	38508		
Q6NVY1	16	20	49128		
Q14108	6	7	72498		
Q6P996	3	3	17196		
Q9C0B1	2	2	19151		
Q07954	7	7	26123		
P45973	1	1	3786		
Q9H3N1	1	1	3465		
Q9Y6G9	1	1	5400		
P46087	1	1	14129		
P00748	2	2	28886		
Q9BYF1	2	2	64089		
Q15847	3	4	115095		
Q01082	94	117	665937		
P61457	2	2	105169		
Q96JY6	7	8	50070		
O43491	7	7	63671		
O15399	1	1	22850		
Q96QR8	2	2	4760		
P05162	2	3	16532		
O94874	9	9	29016		
Q15382	1	1	14412		
Q9UBS4	2	3	25297		
Q8IUX7	2	2	22480		
P16112	1	1	6607		
P01008	18	23	227432		
P28332	6	6	53040		
Q9NWS8	1	1	4192		
P02751	54	67	203001		
Q13765	3	4	34041		
P12821	8	9	33905		
Q9P260	1	1	1721		
O75746	8	9	60847		
Q13045	8	8	18884		
Q8WW12	2	2	6842		
O14974	3	3	34259		
Q13813	124	144	123178		
Q8IUD2	1	1	1562		
O95721	2	2	31239		
P22626	17	23	260718		
P78371	22	24	176336		
P50402	1	1	3672		
P16157	16	16	60945		
Q15365	5	6	53507		
Q8IXI2	1	1	49904		
P40926	18	23	245376		
O60716	14	14	103031		
P02792	11	17	203700		
Q9HC35	6	6	21510		
O14949	3	4	19762		
P01023	49	62	435964		
Q14203	11	11	61782		
Q9HB20	1	1	4283		
P30084	14	20	746554		
Q14160	3	3	61186		
P09104	8	13	71571		
O43617	2	2	29819		
P51580	3	3	10993		
P60033	1	1	22950		
Q13492	9	10	35392		
P30273	3	3	138662		
O60494	21	26	64326		
Q0VF96	1	1	9603		
Q16543	5	6	39565		
O00148	1	1	5982		
P62258	16	23	189079		
Q6YN16	11	13	92065		
O00422	1	1	3107		
P43080	1	1	8550		
P51798	1	1	6173		
Q5VZ46	1	1	3687		
Q15424	1	1	26408		
P78330	2	2	26806		
Q9BXP5	4	4	13390		
Q495M3	2	2	4979		
Q9Y2Z4	3	3	13718		
P16930	13	15	155502		
O94788	8	8	57127		
P28070	4	4	41480		
Q8N163	6	6	74458		
Q9Y5X1	4	4	41992		
Q9H2U2	11	16	35701		
P06280	2	2	20938		
O15014	1	1	10956		
P51888	12	16	297670		
P14780	1	1	2352		
P11279	6	8	304642		
Q5VIR6	2	2	3367		
Q9NT62	2	2	16125		
Q9BTW9	2	2	10322		
Q02809	7	7	27652		
P61201	3	3	28650		
O15020	18	19	64954		
P22676	2	2	41107		
P22234	10	13	41636		
Q9P0J0	3	3	46872		
P21397	17	19	401845		
P16615	4	4	38796		
Q01518	16	21	147305		
Q9HAB8	2	2	18119		
Q5JPH6	2	2	121653		
P09497	3	3	26758		
P55084	25	30	303034		
Q92973	3	3	23788		
Q9NQX3	3	3	26712		
P50479	2	2	38041		
P14920	3	3	34195		
Q9UKG1	3	3	13899		
Q32P28	4	4	13720		
P48147	1	2	28834		
P32754	11	13	28453		
Q06830	12	15	250853		
Q7L5N1	2	2	32900		
O75891	26	30	121356		
Q9BT78	5	5	42422		
Q13126	3	4	45128		
O60749	11	12	60575		
Q14764	37	47	40743		
P02042	9	14	2683740		
Q9HCB6	8	9	28250		
P42574	1	1	3437		
Q7L576	6	6	31754		
Q6IAA8	5	5	46384		
Q92575	1	1	9958		
P29401	22	31	261294		
P11215	1	1	25017		
P63098	1	1	6260		
Q8IVM0	1	1	3785		
P17540	8	8	60899		
Q15018	1	1	24428		
O15540	5	5	35650		
P84103	6	6	46321		
P06133	1	1	30034		
Q5T2W1	9	11	20748		
Q99757	1	1	20659		
Q93088	19	27	21714		
Q9Y6D6	1	1	3813		
P61626	5	5	52591		
O95967	2	2	14247		
O60220	2	2	20670		
Q9Y606	2	2	36666		
Q8IXB1	1	1	39049		
O00151	10	10	567140		
Q9NZ45	3	4	41403		
P30040	8	9	74908		
Q9UHA4	2	2	51463		
Q8NBJ5	8	9	64047		
Q16658	11	11	68549		
P49407	2	2	14979		
Q8WW59	8	8	36231		
O94875	2	2	28250		
Q6NV75	1	1	21394		
Q15126	3	3	20756		
Q9NYQ3	4	4	18854		
Q9Y259	1	1	14112		
P14854	3	3	36884		
P07954	18	23	113308		
P27482	3	3	27236		
O15511	3	3	36978		
Q02750	1	1	2052		
P49753	1	1	1560		
Q9UNS2	1	1	6192		
Q9HCF6	1	1	13170		
P27816	20	20	46440		
Q15746	7	7	51869		
Q8N6H7	1	1	2461		
Q6UW63	1	1	9290		
Q9NX46	2	2	18816		
P10515	14	15	118786		
P23142	5	5	32053		
P15428	1	1	4327		
Q96I99	21	23	347991		
Q9Y697	2	2	18885		
O43324	2	2	13974		
Q9H9F9	1	1	10880		
Q12904	7	7	33004		
Q86VN1	2	2	11025		
P51553	1	1	8321		
Q8IVS2	1	1	3336		
Q86UY8	1	1	5407		
P39023	3	3	38864		
Q8WTX9	1	1	56664		
P18859	9	11	59877		
A4D1P6	1	1	6973		
Q9BQE5	8	9	51570		
Q9UBG0	1	1	1995		
P14866	10	11	54536		
P00797	1	1	3827		
P01717	1	2	99822		
Q9H1E5	1	1	15067		
Q8WWI1	8	8	54576		
O95563	1	1	4615		
O43294	2	2	29425		
P63151	2	2	21666		
P46108	3	3	25778		
P55008	3	3	25308		
Q14683	2	2	26191		
P05937	15	21	704211		
Q16719	1	1	17666		
Q86UP2	29	29	33736		
Q7KZF4	25	29	382253		
Q9H845	10	11	37056		
Q9BS26	4	4	29210		
A6NNA5	1	1	18979		
P04211	1	1	12123		
Q9HBL0	19	20	97965		
Q9H7C9	3	3	27167		
Q9H269	1	1	4671		
P43034	5	6	32962		
Q13505	4	4	20813		
P08263	1	1	28346		
Q9H6S3	9	10	29616		
P80404	15	20	66220		
P50897	4	4	20429		
Q9NY33	8	8	49592		
P39059	9	10	60957		
Q9NQT8	10	10	27390		
P42677	1	1	5165		
P25705	36	52	787740		
Q9UL25	4	4	60988		
Q9NWU1	2	2	94911		
Q5T440	3	4	16743		
Q9Y262	4	4	19083		
P55265	4	4	12670		
Q96C00	1	1	4743		
Q02978	17	18	222602		
Q9NV96	1	1	10729		
P32456	1	1	14439		
Q99598	1	1	7802		
Q9P2K5	2	2	88235		
O95299	10	11	85865		
Q9H4G4	1	1	3762		
Q15181	10	15	181670		
P46821	8	9	53722		
Q9Y3F4	5	5	128039		
Q5VXI9	1	1	81661		
P05186	2	2	8887		
P31943	3	3	32716		
O95167	2	2	20163		
P35611	9	10	40310		
O75323	7	8	58876		
Q14165	4	4	31197		
Q9UGB7	3	3	44681		
P23083	1	1	7827		
Q8TD19	1	1	20655		
P62310	1	1	16370		
Q9UKU7	5	5	38141		
P13693	3	3	19782		
Q8N4Q0	1	1	4700		
Q9Y3A6	1	1	10696		
P13667	31	36	67840		
P35080	4	5	13238		
Q9P2F5	1	1	15474		
Q9UH62	1	1	12997		
Q8WXI4	1	1	27140		
Q12797	11	13	83745		
Q15121	2	3	26330		
Q15843	3	4	40546		
Q71UM5	1	2	32413		
Q9H307	1	1	8184		
Q00056	1	1	1367753		
Q6UXS9	1	1	192330		
P27144	15	22	97791		
O43815	1	1	19561		
Q92890	1	1	11297		
P17980	7	9	43710		
Q96CM4	1	1	3416		
Q05397	1	1	61910		
P61221	4	4	18151		
O75884	3	3	29169		
Q6PIU2	7	9	55573		
Q86YB7	5	6	24294		
Q7Z6Z7	5	5	10883		
O00154	4	4	39084		
Q7L266	2	2	11073		
P11498	41	49	155426		
Q9GZT8	2	2	41706		
P12931	1	1	18023		
P21912	11	13	79600		
O14618	2	2	29800		
P49959	1	1	6938		
Q5T447	1	1	29833		
Q9P035	2	2	25194		
P82650	3	3	98635		
P50747	1	1	4653		
P02746	2	2	24999		
P13473	3	3	17188		
O75531	1	1	16006		
P29218	4	4	66386		
Q9BQ52	1	1	2735		
Q16630	2	2	37791		
Q16740	2	2	15596		
P42330	4	4	59692		
P30042	7	10	104908		
O43809	4	4	22179		
Q13435	3	3	14704		
Q5JTJ3	1	1	20126		
P09132	1	1	943		
Q13526	1	1	22507		
Q99497	10	11	186255		
Q9BTT0	1	1	25772		
Q8NHG7	1	1	8759		
O00757	2	2	28527		
P16152	13	15	32258		
P23193	4	4	25200		
P51690	1	1	10760		
Q13404	1	1	2601		
P62942	3	4	104633		
Q7L0Y3	3	3	26730		
O60784	4	4	15365		
Q01433	1	1	5290		
O94986	1	1	80843		
Q7Z4W1	6	6	108734		
P83111	3	3	188078		
P29350	3	3	14270		
Q92520	1	1	1740		
P56192	2	2	14857		
P08571	3	5	31714		
P02749	3	3	167102		
Q8WXX5	1	1	13026		
Q6DD88	1	1	10377		
P55060	7	7	1758568		
P34931	1	1	14669		
P42785	4	4	53590		
P60903	3	4	298230		
Q9UIA9	1	1	7865		
P09661	3	3	37276		
Q12792	6	7	35677		
P14923	7	7	24331		
Q9P2R7	10	11	147759		
P31153	6	7	38005		
P18124	8	10	67911		
O96000	3	3	46132		
P60510	1	1	9274		
Q8IYU8	2	2	20958		
P08107	13	19	146230		
P15531	4	5	44690		
Q9NSD9	7	7	19682		
Q9Y2X3	7	7	34754		
Q93083	1	1	190		
Q03518	5	5	12202		
O60826	3	3	409466		
P56134	3	3	67906		
P53007	4	4	111135		
P35527	14	14	73391		
Q9H6V9	1	1	135248		
Q15008	1	1	8533		
P00739	2	2	13171		
P36543	8	9	33292		
Q9NRZ7	2	2	17372		
Q9ULC6	2	2	13072		
P55789	1	1	2553		
P12644	1	1	73536		
P49914	1	1	21156		
Q06278	8	8	89034		
Q9UKY7	2	2	12691		
P61586	1	1	920		
P61289	4	4	13421		
Q8NBS9	12	12	56840		
Q9Y2V2	3	4	51757		
P25325	9	9	87414		
Q06033	5	6	40124		
Q9Y376	5	5	34847		
P49789	3	4	22683		
Q9Y4K1	5	5	17034		
Q9HBG4	22	23	36048		
Q9Y3I0	8	8	113233		
Q8IZP0	1	1	4975		
P42126	6	6	69140		
Q8NI22	1	1	6460		
O15371	1	1	2685		
Q16790	5	6	34859		
O94832	1	1	5825		
P59103	1	1	50		
P26599	10	14	43864		
Q6GMR7	1	1	26020		
P52758	7	10	39062		
P24534	4	4	42735		
P01859	4	5	1909524		
Q13155	2	2	13985		
O75352	1	1	32543		
O43768	1	1	980		
P12109	19	24	540263		
Q969L2	1	1	8053		
Q9P219	1	1	6294		
Q9H4A3	1	1	16354		
Q86UX2	5	5	32709		
Q53T59	1	1	27639		
P07996	15	16	119194		
P48163	6	6	110453		
Q9UBQ5	3	3	60162		
Q14103	4	4	57440		
P62841	1	1	4709		
P12004	3	3	22707		
Q8TAE8	1	1	65004		
P30613	17	21	100625		
Q562E7	1	1	7793		
Q8NCW5	3	4	13936		
P50991	11	11	76108		
Q96CT7	2	2	11531		
Q96HY6	3	4	4345		
P62081	7	8	78452		
P23396	15	16	93311		
Q9NYL4	1	1	7635		
Q96BY6	1	1	7036		
P0CG38	1	1	11427		
O95487	1	1	110		
P15313	14	18	32776		
Q86V81	2	3	18486		
Q6NUK1	10	10	72200		
P0DJI9	1	2	39231		
Q96KP4	27	44	107554		
O43451	10	12	30632		
P11586	26	27	89975		
P14209	1	1	15386		
P28288	2	2	5391		
P46379	1	1	6166		
Q8TEX9	2	2	1340		
P62070	1	1	2793		
Q9Y5J7	2	2	32613		
Q13885	1	1	12568		
Q3L8U1	1	1	12924		
Q9H7Z7	13	14	23722		
P45880	9	10	138962		
Q96AP7	2	2	13182		
Q9C0D6	1	1	5890		
Q96TC7	1	1	18473		
Q9Y3E7	1	1	40047		
Q08722	1	1	94806		
Q96HD9	4	4	24514		
P01034	1	1	12367		
Q9P0M6	2	2	21860		
A6NJG2	1	1	22847		
O75915	3	3	58006		
P60468	1	1	3094		
P04040	26	34	458690		
Q15020	2	2	29659		
A0PJK1	1	1	239454		
P13804	15	21	216070		
Q9NP81	5	5	20013		
Q14677	7	7	19505		
P61020	3	3	38708		
Q8NBU5	1	1	36986		
P01871	4	4	194020		
O75153	1	1	12250		
O60271	11	11	25578		
Q86UX7	3	3	12209		
P43652	4	5	87047		
P08621	5	5	57890		
P09417	8	10	154699		
Q9Y333	3	4	37830		
P01780	1	1	80451		
Q9NZJ5	1	1	4005		
Q9Y2T2	2	2	8571		
Q9Y394	3	4	34112		
Q9UI17	28	32	70211		
Q13405	3	3	7349		
P62995	3	4	33329		
Q9NUL5	1	1	10815		
O00534	2	2	27622		
P00966	23	26	2266418		
P00558	24	34	258674		
Q13347	3	3	20809		
Q99963	1	1	25078		
P34896	14	18	102050		
P12235	3	3	53115		
Q9Y2Y0	1	1	2871		
O60762	4	4	14429		
P13798	13	13	250453		
Q9HD45	1	1	15199		
P62910	1	1	490		
O00391	1	1	11730		
P36776	21	23	38881		
Q07837	2	2	57217		
Q8WV74	1	1	14828		
Q12874	2	2	6336		
O60502	2	2	38721		
Q96IJ6	2	2	16129		
Q9Y6I3	2	2	23376		
P46736	1	1	5168		
P11171	2	2	18895		
O95881	2	2	27689		
O75309	16	18	26607		
P52566	7	7	54461		
P07737	11	14	171101		
P40855	1	1	5051		
Q4G176	7	9	35915		
Q96S52	1	1	470		
O43676	2	2	81293		
Q969H0	1	1	50942		
O95571	2	2	26792		
P36959	1	1	650		
O60506	7	8	78097		
Q14126	1	1	5502		
O75223	5	5	345505		
Q16891	24	31	69968		
Q9UJ70	7	8	33146		
O14791	2	2	5177		
Q4U2R8	2	2	23990		
O60256	4	4	64994		
Q15369	1	1	2387		
Q6ZVF9	1	1	21355		
P61006	1	2	26702		
P17858	14	21	58944		
P68036	6	6	41105		
Q9Y277	6	8	54263		
O75351	1	1	1020		
P53597	8	11	268491		
P05114	3	4	3534		
Q01740	7	7	61329		
Q15370	4	5	43647		
P62753	5	5	77547		
P30085	7	8	91406		
P52597	6	8	51805		
Q9H0N0	1	1	1355		
P01834	8	11	1491320		
O95436	1	1	920		
Q86VU5	1	1	630		
Q9NP58	1	1	117110		
Q4VC31	2	2	33293		
Q9H2M3	11	11	170405		
Q08380	9	11	38524		
Q9UEY8	9	9	26176		
O95870	1	1	12706		
Q9BY32	1	1	3516		
P20645	3	4	20167		
O95372	1	1	4254		
Q9UK22	1	1	3912		
O95400	1	1	6875		
P30048	8	10	279770		
Q13418	5	5	42303		
Q9BW30	2	2	20014		
Q9HAV7	3	3	81035		
Q15428	2	2	6115		
P39060	21	31	89778		
P60660	7	8	177628		
Q9UH65	2	2	23324		
Q15118	2	2	38111		
Q8N4P3	1	1	1442		
Q9P0J1	4	4	22184		
Q04917	8	11	30535		
Q9Y2J2	13	14	41895		
Q96PE7	1	1	23552		
Q9Y4F1	11	11	55508		
Q9H3Y8	1	1	290		
Q8IZ83	4	4	18570		
Q9NWV8	1	1	1918		
O75821	4	4	63631		
Q9UKK3	2	2	50222		
Q9BQI0	2	2	13120		
P27169	3	3	67687		
Q9Y3C8	1	1	14244		
Q92673	1	1	842		
Q3YEC7	2	2	15414		
P27695	8	9	128952		
P14174	5	6	54213		
P29590	6	6	189006		
P20591	5	5	23211		
P63220	2	2	38800		
Q96CW1	3	3	30150		
Q96RQ3	12	12	37931		
P52272	19	20	639116		
Q9NZM1	29	29	56488		
Q8N8A6	1	1	772332		
Q08J23	2	2	10600		
P07919	1	1	3615		
Q8NDH3	3	3	35965		
P14406	2	2	119087		
P10155	3	3	69326		
Q9UEE9	1	1	14508		
P01611	1	1	7865		
Q9BVM4	2	2	34108		
Q9H444	5	6	15058		
Q8N6T3	1	1	1051		
P98082	10	11	47525		
P00488	17	17	81462		
Q9H8H3	2	3	42199		
Q96CM8	13	18	36536		
O14639	1	1	4793		
P60866	2	2	98215		
Q9BPX5	3	3	44711		
Q9BUR5	4	4	31411		
O14964	1	1	9380		
P54868	12	13	108023		
P18827	1	1	4393		
O15085	1	1	222211		
O00159	28	31	166215		
O14745	14	17	20261		
P04733	2	2	990		
Q15459	4	4	25480		
Q99447	7	7	105147		
P51608	4	4	34961		
P43307	3	3	43590		
Q7Z478	1	1	2322		
Q709F0	7	7	43663		
Q9BWH2	3	3	32139		
O00330	6	6	61575		
Q9NUI1	2	2	22265		
Q92547	1	1	2315		
Q15149	170	188	62045		
P20073	8	9	45261		
Q5JTH9	1	1	2145		
Q14011	4	4	36813		
Q9Y570	2	2	43983		
O00429	11	12	49646		
Q9P2D7	1	1	303476		
Q05639	3	3	84851		
Q6IBS0	4	4	71061		
Q9P2R3	2	2	18870		
Q9BRT3	1	1	9416		
P04350	2	2	13758		
Q15067	7	7	54049		
Q6ZU35	1	1	15690		
Q8NBN7	7	8	38158		
Q9Y3D9	4	4	93147		
Q93008	2	2	23618		
Q13627	1	1	1073		
P18583	1	1	82634		
Q8ND23	1	1	6814		
Q5VYY1	1	1	5505		
Q8IV08	4	4	39802		
P17050	3	3	19040		
O75083	18	24	82582		
P01591	2	2	59350		
P16083	12	17	157279		
Q96AT9	1	1	4567		
Q8TEM1	1	1	7140		
P00338	17	22	347680		
O60832	1	1	5391		
O75340	4	5	28354		
Q92882	2	2	32135		
Q9H0T7	2	2	197864		
P49773	4	6	89583		
P13929	1	1	1694		
Q16854	1	1	6785		
Q92845	1	1	12374		
Q2TAA2	4	4	37978		
Q9BW91	2	2	9377		
Q13098	2	2	11326		
P08183	4	4	19133		
P06396	22	31	212339		
Q6UXV4	2	3	37456		
P06702	3	3	79977		
Q9NV70	1	1	3819		
P54652	6	6	38878		
Q9H773	5	5	32790		
Q12805	2	2	14994		
P07355	6	9	476022		
P07602	4	4	40882		
Q96EY8	2	2	32958		
P43121	6	7	49936		
P62829	2	2	54623		
Q15063	29	42	89530		
P10586	1	1	15591		
O14818	3	3	45308		
P38919	6	7	32338		
Q8NC51	4	4	20190		
Q9UI30	1	1	1881		
Q9NX40	6	9	178028		
Q5R3I4	7	7	29374		
Q16595	1	1	9307		
P55058	2	3	13929		
P00747	5	7	118875		
Q13200	12	13	25726		
Q8TAD7	1	1	730		
P26368	4	5	49162		
P52209	10	11	103637		
P22792	2	2	64166		
Q8N465	1	1	9563		
Q13464	1	1	9951		
Q8IXM3	2	2	11392		
Q96A19	1	1	190817		
Q96EG3	1	1	6676		
P33991	1	1	1050		
Q99873	2	2	30319		
P55957	1	2	970		
P15941	1	1	7707		
Q9Y2S7	5	5	40709		
Q9H6Z4	1	1	4327		
Q9Y6M9	3	3	35870		
Q969X1	1	1	53317		
P35221	20	22	39530		
Q92947	8	10	46439		
O75717	1	1	6066		
Q9H9S4	1	1	3572		
Q8IWE2	3	3	23579		
P46781	8	8	297968		
P01625	2	2	32920		
Q14694	1	1	10072		
O95810	9	10	169691		
O00468	25	29	60977		
Q969V6	1	1	611		
Q99627	3	3	21689		
Q9NQC3	4	4	133312		
P05387	7	10	99753		
P02679	16	23	1678355		
Q8NCN5	6	6	53646		
Q8NFW8	3	3	6083		
Q6PGP7	1	1	2837		
P46926	5	6	33860		
Q9NTX5	7	7	61343		
P83731	3	3	53114		
Q02083	1	1	22903		
Q9P2E9	31	34	1536503		
P35659	2	2	23182		
Q9Y3A5	2	2	42949		
Q96R05	2	2	45606		
Q96AE4	7	7	32841		
Q16222	5	5	53919		
Q9UFN0	6	7	51839		
Q9NVH6	1	1	21841		
P61758	2	2	17388		
Q14847	11	11	69296		
P01861	2	3	251717		
Q16798	3	3	3834		
P03886	1	1	12890		
O14933	2	2	24222		
P31948	17	17	45805		
P47914	2	2	41345		
Q08623	1	1	3563		
P61081	3	3	58830		
Q86TI2	1	1	8892		
Q9H4A6	1	1	11823		
P20933	3	3	11049		
Q13501	4	4	559113		
P18669	6	9	96430		
P47756	8	8	90269		
P20962	5	7	32639		
P09496	4	4	34837		
P14927	6	7	160260		
P46779	3	3	29819		
O14880	1	1	6682		
P37840	3	4	99783		
Q06210	5	5	17661		
P63172	1	1	7446		
Q9NPF4	1	1	16251		
Q14978	2	2	6964		
Q99426	4	4	19270		
Q92530	3	3	31998		
O15212	3	3	9152		
P41240	2	2	43500		
Q14244	2	2	254056		
P00915	15	24	2044308		
P53999	2	2	63592		
Q96FF7	1	1	4650		
P39687	3	3	60245		
P15880	7	7	61174		
Q14767	1	1	6237		
Q9BSH4	3	3	30347		
Q562R1	3	4	1361399		
Q6UWM9	4	4	28169		
Q9ULH4	1	1	4155		
Q9NRX2	1	1	6572		
Q8N8N7	7	7	39032		
P09601	3	3	19895		
P08311	2	2	25230		
O75534	2	2	11494		
P51397	1	1	6957		
Q9NUM4	1	1	13377		
Q9BUL8	2	2	65124		
Q6UB99	1	1	10276		
P05109	1	1	10537		
P08581	1	1	6430		
Q6IN84	1	1	3437		
P82980	4	5	21635		
P33316	2	2	103628		
Q07075	7	7	104751		
Q3ZCQ8	5	5	49812		
P49593	4	4	30106		
O75191	2	2	16497		
Q9NVI7	2	2	13189		
Q8TDQ7	1	1	19656		
Q01844	2	2	41988		
Q99735	1	1	11220		
P05062	19	29	80518		
Q00577	6	7	40514		
P20472	6	6	24016		
Q8N0W3	2	2	6195		
Q14112	19	26	127324		
P10619	3	3	8410		
P05107	2	2	40165		
P35268	2	2	81930		
P13489	5	6	94138		
Q7L099	1	1	12005		
Q9BV40	2	2	26558		
Q8N1G4	8	9	37345		
P00167	5	9	250173		
Q13867	2	2	37841		
Q14117	6	8	71451		
Q53GQ0	4	4	576675		
Q14728	1	1	2061		
P30837	20	25	336394		
P02741	4	5	123580		
Q9UJZ1	12	15	18222		
Q96C90	2	2	3008		
P24311	1	1	4018		
P08473	23	25	71925		
P14618	35	54	151735		
Q8WX93	6	6	23624		
Q05519	1	1	3304		
Q9NUP9	1	1	20527		
Q96Q06	37	39	178079		
Q7LFX5	1	1	1593		
Q9UNZ2	10	12	42459		
Q9Y399	1	1	1653		
P08572	6	7	311547		
P22830	6	7	68139		
Q9NY15	3	3	14188		
O43760	2	2	41169		
P22352	8	10	90556		
P26639	7	8	25614		
O60568	15	21	475861		
P22105	14	14	34026		
Q9NR30	1	1	3843		
Q9H993	1	1	6561		
P80748	1	1	12426		
P61970	2	2	82292		
P40939	38	51	659883		
P05093	3	3	8646		
Q9NTJ4	2	2	15713		
P12236	1	1	81442		
Q07021	9	11	55475		
Q9H8L6	6	6	42225		
Q9H0E2	6	6	35873		
Q86SX6	1	1	7858		
P06681	2	2	29541		
Q8TE77	1	1	10540		
Q6I9Y2	1	1	38240		
P59998	5	5	71836		
P04424	11	12	61702		
O14980	2	2	38248		
Q8N573	1	1	4907		
P07451	4	4	44769		
Q9Y265	9	10	43926		
P07902	1	1	8452		
Q17RC7	1	1	12116		
P23368	3	3	46867		
P16435	6	6	47374		
P82914	1	1	14575		
P26885	2	2	40340		
Q9BXN1	7	8	157189		
Q9NYK5	1	1	5846		
Q15056	3	3	30800		
Q9P015	3	3	28703		
Q8NFH5	1	1	2261		
Q9NZD4	2	2	64911		
Q6NY19	2	2	9036		
P39656	6	6	69577		
Q9UIJ7	16	19	111872		
Q9BXS5	5	5	12853		
P61163	4	7	39297		
O00244	1	1	35369		
Q93100	1	1	85977		
P19367	15	16	42078		
P07942	31	36	130997		
Q9UHX1	4	4	18653		
P14635	1	1	34524		
Q5VYK3	2	2	6132		
Q9NVJ2	4	4	68516		
P04179	18	32	110108		
Q9BZZ5	5	6	124632		
O75251	3	3	48235		
Q9NVZ3	3	3	53591		
Q9UDY2	1	1	1284		
P51178	1	1	9873		
Q9C0C9	1	1	8034		
P07357	2	2	13493		
Q09028	2	2	26202		
P53618	8	9	57579		
O60669	1	1	4862		
P27348	6	8	161347		
P48751	1	1	2904		
O75380	4	4	17806		
P21291	9	10	53996		
Q93091	1	1	7585		
Q9UBT2	1	1	15975		
Q8N0X7	1	1	8595		
Q9BUH6	1	1	11606		
Q16270	3	4	15504		
P29622	1	1	11034		
P12955	13	14	47765		
Q08AH3	6	9	49118		
O95861	2	2	20358		
Q15349	1	1	27714		
Q96FQ6	2	2	16091		
O60547	1	1	53964		
Q96KN1	5	5	75365		
P35442	5	5	25486		
Q10713	4	4	30058		
Q9NRG7	3	4	28628		
Q9NR64	1	1	2565		
Q9UBC2	3	3	7817		
P62750	3	3	82921		
Q658N2	1	1	94954		
Q13268	12	16	67583		
Q15848	1	1	10487		
Q14980	8	8	19990		
Q5RKV6	1	1	2194		
P51570	9	9	38262		
Q12905	9	9	56661		
P06331	1	1	30431		
A3KMH1	13	13	61637		
P56182	1	1	163082		
Q9ULP9	2	2	31186		
P31150	7	8	104562		
P15144	36	41	29031		
P00751	16	17	220508		
P99999	9	12	193935		
P04083	19	27	211712		
P13761	1	1	5489		
P62158	9	11	252367		
Q9BXJ9	1	1	93537		
P02511	16	25	47183		
Q96CS3	2	2	20381		
P36955	12	12	60334		
Q15119	2	2	24572		
P57764	3	3	25796		
Q6XQN6	11	11	88898		
P61960	4	5	42212		
Q9Y5B9	1	1	331		
P49458	2	2	36907		
Q92616	19	21	24382		
P46977	1	1	14224		
P48723	1	1	2507		
Q15642	1	1	10320		
O75396	7	7	203449		
Q9BSE5	9	12	41622		
P51649	9	11	118361		
Q99471	2	2	14273		
P10768	8	10	101558		
Q9H9P8	4	4	50024		
Q6NUM9	2	2	24797		
Q9NXA8	2	2	6005		
Q8N5G0	1	1	9855		
P49321	2	2	21107		
P01877	1	1	74857		
P09467	13	19	55809		
Q16822	26	34	94753		
Q9H0R4	3	3	7040		
Q9UDX5	4	4	216077		
O43488	6	7	89207		
P37108	5	6	30941		
Q08379	1	1	3018		
Q08AM6	6	6	20913		
O43598	4	5	54409		
O15382	11	13	56817		
Q01105	8	9	71857		
Q9Y547	2	2	27075		
P01024	77	101	629245		
P12268	5	5	34508		
P27824	16	21	175012		
Q15262	2	2	9997		
Q12768	2	2	9229		
P49821	10	11	82097		
Q9H2G2	2	2	9906		
P40925	13	16	505307		
O95777	3	3	152338		
P04843	19	20	45830		
Q8IXI1	2	2	28364		
Q9BS40	2	2	33247		
P22695	17	26	180332		
Q9HB07	2	2	9927		
Q9Y6M1	1	1	2705		
Q9UJU6	8	8	30611		
P62263	4	4	60533		
Q9H0A0	1	1	671		
Q14192	2	2	17024		
O75911	1	1	6803		
P31946	6	9	105481		
P50416	4	4	30015		
Q5T3F8	1	1	81956		
P05141	3	3	93756		
P30566	4	4	74769		
P61769	2	2	17048		
Q14344	2	2	12922		
P60842	7	7	82148		
Q9NTG7	2	2	34747		
P00492	7	7	108989		
Q96L92	3	3	45111		
O00203	11	11	36645		
Q9BXW7	1	1	12126		
O00161	1	1	18023		
Q969G5	4	4	79544		
Q16795	10	11	102018		
P35232	16	21	204776		
P17252	4	4	24752		
P61981	8	11	213662		
B1AJZ9	2	2	21104		
Q9P2T1	1	1	40681		
P02144	2	2	59548		
O14979	3	3	45083		
P15291	1	1	23162		
Q13162	7	8	42349		
Q6PKG0	1	1	160		
P10644	8	8	83063		
P62877	1	1	9036		
O75110	2	2	10387		
Q9NZI5	1	1	38183		
P56537	4	4	33504		
P09669	2	2	117554		
P49411	18	25	137016		
P06132	1	1	860		
P02747	4	5	95152		
P30520	1	1	5552		
P17844	8	8	44948		
Q9Y230	9	9	52663		
Q9BWX5	1	1	36772		
P55884	8	8	191059		
P26583	2	2	26935		
Q02127	7	7	42581		
O95822	9	9	28163		
P30622	4	4	24159		
P05023	19	25	55474		
Q9BY44	1	1	10260		
P67809	5	5	5921		
P06737	14	17	116336		
O15143	5	6	22840		
Q96DG6	10	13	100625		
P62820	6	7	32665		
Q99807	1	1	3079		
Q8N3K9	1	1	66646		
P23528	5	6	133825		
Q01432	1	1	1793		
Q8WUH6	2	2	20569		
P00367	14	19	125865		
P04207	1	1	6965		
Q9Y6R1	8	8	46105		
Q03519	1	1	7972		
Q9ULH7	1	1	5073		
P02654	3	3	125837		
P35606	14	15	51544		
Q96C23	7	8	59873		
Q6GMV3	2	2	55403		
P84085	2	2	9380		
Q93050	6	7	288762		
Q7Z7H5	1	1	9291		
O75525	2	2	49725		
Q16851	17	19	238959		
O95202	9	9	31222		
Q96KP1	2	2	15715		
P02655	3	3	100400		
P56385	4	4	127189		
P25311	7	10	123904		
P78347	3	3	11386		
P50995	14	15	60413		
Q9UKF6	1	1	8583		
P36542	13	16	137796		
P05362	7	7	84120		
Q9UPQ9	1	1	1551		
Q9C0J9	1	1	317871		
Q5T7N2	1	1	393320		
O43776	7	7	36807		
P52907	4	5	76176		
O75489	14	16	92391		
P19525	3	3	12121		
Q9UKK9	3	3	27804		
Q9BRF8	7	7	37294		
Q9H061	1	1	14800		
Q9UL46	11	15	39182		
Q92597	10	16	31683		
Q9UBX3	6	6	47904		
Q9H1C7	1	1	43894		
P34932	14	15	49193		
Q13113	2	3	12301		
Q8IVH4	2	2	8992		
P04233	3	3	58577		
Q9BWM7	5	5	68630		
P08727	20	27	88586		
P02768	49	71	18242210		
P12270	5	5	17005		
Q9H0N5	2	2	30748		
Q13510	12	13	57567		
P19440	2	2	16983		
Q15257	5	6	93839		
Q9UHD9	1	1	1102		
P26447	3	3	125335		
P23141	6	6	35343		
O00442	2	2	9248		
O76074	1	1	1825799		
Q96NB2	8	8	58227		
Q15911	2	2	35246		
Q969E2	1	1	3836		
P16662	5	6	64409		
P48556	3	3	96223		
P55209	3	4	28700		
Q13131	2	2	46996		
P04216	2	2	47878		
O15305	3	3	48887		
Q07955	7	7	158012		
Q14106	1	1	1342		
Q9UNF0	5	7	63181		
Q15819	1	1	3149		
O60469	1	1	29168		
O95817	2	2	23876		
O95674	1	1	200		
Q9H910	2	2	18299		
O75356	8	8	15261		
Q13630	4	4	26616		
Q02818	7	7	33851		
O00560	2	2	10086		
P54920	8	8	48348		
Q9H0U4	1	1	21857		
O14936	5	5	15846		
O95352	1	1	20929		
P51688	2	2	29726		
O14787	1	1	160		
O75643	6	6	39610		
Q9UKS6	1	1	3874		
P54687	1	1	9255		
Q9Y2R9	1	1	12795		
Q14151	1	1	15750		
P21926	3	3	65579		
Q9P0L0	2	3	100639		
Q16718	4	6	41721		
Q15691	5	6	76855		
O14579	4	4	11765		
Q9UJC5	1	1	11645		
P28676	3	3	39718		
P15559	3	3	47943		
Q13148	6	6	28468		
P02462	2	3	183945		
Q13469	1	1	14362		
P23526	13	15	66671		
O43295	1	1	7738		
Q9UM22	1	1	26840		
Q53HC9	1	1	8171		
Q99538	2	4	12389		
P02730	15	19	325731		
Q9UBV8	2	2	31894		
Q9H832	1	1	3703		
P30050	3	4	102248		
P68402	2	3	55792		
P43490	14	14	43638		
P41222	3	4	74939		
Q01658	1	1	8007		
Q9UHD2	1	1	7864		
P38646	33	43	151679		
O14737	4	5	67989		
O15173	4	4	77079		
Q8NBF2	2	2	13627		
O00763	3	3	42421		
Q9NUB1	8	8	63382		
Q14498	2	2	16289		
P30049	4	7	77012		
O75494	2	2	16517		
Q9BUT1	6	7	29377		
O60234	1	1	8285		
Q86U28	3	3	31926		
Q92542	2	2	10893		
Q9BWW8	1	1	12875		
Q7L1Q6	2	2	16430		
P35251	1	1	133909		
P11166	2	2	62418		
Q15293	9	9	55656		
O95298	1	1	25205		
O15229	1	1	10706		
Q16836	17	23	342006		
P57088	1	1	7521		
O60888	2	3	28140		
Q92841	9	9	60577		
P34949	7	7	37885		
P46063	5	5	28280		
Q15555	1	1	5286		
P09211	11	19	166710		
Q9Y276	4	4	131316		
Q9NPJ3	3	4	88322		
Q9HDC9	10	10	118782		
P08758	19	24	492083		
Q6UVK1	3	3	41751		
Q99424	5	5	26772		
P51665	4	5	24492		
P23246	10	10	32433		
Q96T51	2	2	2521		
P01042	7	9	355131		
P25685	4	4	59027		
Q9NP72	3	3	54435		
Q5XKP0	1	1	1851		
Q13838	3	3	20315		
P42025	4	4	13174		
O60884	6	6	26280		
Q9UKM9	5	5	65045		
Q9BXD5	4	4	15970		
P62745	1	1	980		
Q5T6V5	2	2	15555		
Q99459	3	3	102726		
P22061	6	6	46029		
Q96C19	6	6	29681		
Q15404	10	12	99934		
Q8ND30	1	1	1141		
Q13825	7	7	78482		
P11177	13	16	184944		
Q9BX68	5	8	49188		
Q8TCT9	1	1	22675		
Q99747	2	2	9052		
Q9NQR4	9	9	57840		
P07196	1	1	2014		
Q9NR50	1	1	17020		
Q8WTV0	1	1	8300		
Q5QP74	1	1	905028		
O75964	4	5	132547		
P17152	1	1	11759		
P12429	14	15	94858		
Q96CD0	1	1	3418		
P07686	11	14	104631		
Q15286	2	2	11782		
Q01469	4	4	225708		
P07203	7	7	78453		
Q32MZ4	7	7	20177		
P62304	1	1	10502		
Q9Y2Q3	11	14	23147		
P52815	4	4	22614		
P50053	6	8	137291		
Q9BTM9	1	1	7931		
Q8NEZ5	1	1	8243		
O43747	8	9	26364		
Q13151	5	5	26342		
P30047	2	2	17407		
Q96GK7	3	4	31581		
P61421	6	6	65216		
Q16890	2	2	13803		
Q9BYE9	5	5	416901		
P15311	25	34	55936		
P02649	16	19	52966		
O75936	11	12	50707		
Q9NPB9	1	1	11672		
Q9BVA1	1	1	5244		
Q8N4H5	1	1	1480		
Q9Y2Z9	3	3	30600		
P23946	3	3	30183		
P47895	3	3	7580		
P55081	1	1	5948		
P43487	3	3	29152		
P14550	13	17	246007		
P51970	3	3	40793		
Q53GG5	1	1	9070		
P09972	9	10	197390		
P07305	7	8	127647		
P05165	31	36	91464		
Q8WZA2	1	1	4384		
Q92734	8	8	48781		
O75475	3	3	44162		
P34913	11	11	63964		
P08579	1	1	961		
P46940	35	37	33349		
Q9H0D6	1	1	1531		
Q8N142	11	12	61642		
Q15006	1	1	3001		
P25789	6	6	66802		
P62899	3	3	58367		
Q9NQH7	1	1	8776		
P06744	21	34	628201		
P19224	4	4	246086		
P27487	17	19	106650		
P14625	29	37	202876		
P25788	6	6	49612		
P04844	11	13	51537		
Q9UGI8	4	4	24105		
Q96NG3	1	1	8833		
O00533	1	1	8907		
P22087	3	4	17135		
P48449	1	1	20973		
Q12906	12	14	66225		
Q9UJ68	5	5	22414		
P61009	3	3	66455		
O43390	5	5	85306		
P49903	1	1	5251		
Q9GZS3	2	2	16365		
P01598	1	1	31276		
Q8IWW8	1	1	17289		
P49748	33	39	179900		
Q96IZ0	1	1	1482		
P61160	8	9	55397		
Q9BYD3	3	3	50063		
Q9H078	3	3	11071		
Q9BXK5	6	6	29365		
P54578	7	7	118545		
P08603	7	8	102712		
Q96PU8	2	2	54658		
A0MZ66	1	1	26470		
P19404	6	7	74553		
Q9Y5J6	1	1	220		
P60228	5	5	75608		
P27449	1	1	11596		
P06730	3	3	26346		
Q8NE86	3	3	238886		
Q9Y5Y6	1	1	11972		
Q15833	2	3	8186		
P62857	5	5	66818		
P16422	1	1	5905		
P02786	8	8	28441		
Q9Y584	1	1	20821		
Q27J81	6	6	29319		
P43243	12	13	20524		
Q9C040	5	5	70872		
Q92538	1	1	1643		
P0C0L4	2	2	31277		
Q9NZL4	1	1	12961		
Q9Y597	1	1	770		
Q96EY7	2	2	22850		
P24821	43	54	212767		
Q9Y6Y8	5	5	71857		
O95865	8	10	61185		
Q9BXX0	2	2	21539		
Q8N5M1	5	5	18958		
Q9HC38	9	10	68772		
Q13217	2	2	14336		
Q13185	3	3	30553		
Q9UPN3	1	1	3315		
P67775	1	1	7981		
Q70UQ0	6	6	35215		
Q9BZF9	1	1	1060		
P18754	1	1	10395		
P52594	1	1	4938		
O95831	28	34	64916		
P15104	2	2	610603		
P05413	7	9	46071		
Q9BRQ6	1	1	260		
Q9NRV9	7	9	82018		
O60656	1	2	22654		
Q5HYI8	2	2	55633		
P32969	4	5	44396		
Q15717	7	7	69132		
P28062	4	5	36401		
Q14008	1	1	3907		
P02750	8	9	139311		
O94925	16	18	25791		
P55290	4	4	71658		
P07099	11	11	162699		
Q16864	6	8	54515		
P11940	1	1	422165		
Q14061	1	1	9684		
Q92552	6	6	16105		
Q9Y6K5	1	1	9169		
Q9Y2T3	22	26	32086		
P19022	1	1	2696		
Q13884	6	7	43246		
Q9BTZ2	2	2	18532		
P26440	13	15	178525		
P05090	4	4	423066		
Q9NQ50	1	1	4707		
Q14258	3	3	9593		
Q15036	1	1	9069		
Q9H3P7	1	1	2533		
P62266	5	5	24998		
P31942	6	8	43912		
P33151	1	1	6885		
Q9BWD1	2	2	50165		
Q9UI08	1	1	370		
P23919	2	2	27976		
P78344	1	1	1861		
Q9H553	1	1	15117		
Q9Y624	2	2	27533		
Q8IW45	3	3	29718		
P35222	8	8	31246		
Q9BSA4	1	1	30216		
O95786	1	1	9908		
P01781	2	2	200599		
Q13561	12	14	76931		
Q99439	2	3	16224		
Q969I3	4	4	115046		
Q8NFD5	1	1	17512		
P48444	9	10	21848		
O75674	1	1	4348		
O95222	1	1	3785		
Q99653	2	2	46320		
Q99685	3	4	63043		
Q9Y2R0	3	3	33421		
P22059	6	6	30864		
Q14155	1	1	13183		
P46782	4	4	21000		
Q96RP9	6	6	57456		
Q00765	3	4	55718		
P09525	28	39	59219		
P54619	4	4	34520		
O75438	1	1	19578		
P49247	1	1	27021		
P24539	15	19	98005		
Q9NNW7	7	7	57132		
P49720	3	5	82495		
Q8NCW6	1	1	8960		
Q9Y5Z4	6	6	68788		
O60613	1	1	2713		
O95232	1	1	6756		
Q15493	1	1	1980		
Q96EL3	1	1	860		
O00217	5	5	64320		
Q8N0X4	11	11	219395		
P49590	2	2	16140		
P33992	1	1	7330		
Q9BQG0	1	1	7815		
Q6JQN1	5	5	11391		
Q96F07	1	1	26567		
P51648	7	8	41335		
Q02878	11	14	165971		
Q13596	6	6	36490		
P43155	9	9	73467		
P19827	13	15	119974		
P33240	2	2	58937		
Q14019	8	9	44102		
Q96BW5	7	7	29086		
P01619	1	1	66342		
Q9P2J5	14	14	24891		
Q96PK6	2	2	11003		
P48426	1	1	3807		
Q8ND07	1	1	9575		
P10109	2	2	17903		
Q9NZ08	7	7	31512		
Q13084	1	1	1030		
O15400	3	3	27293		
P43897	5	5	27647		
Q99729	3	3	13818		
Q9H477	5	5	19867		
O76070	3	3	53420		
P31937	12	16	73345		
P63173	3	3	41337		
P61086	1	1	35732		
P31947	1	1	4468		
P04632	6	7	171502		
P10636	9	11	13400		
P12074	2	4	32201		
Q3LXA3	18	25	21297		
P51398	2	2	23020		
P41250	9	10	23869		
Q86Y56	1	1	4481		
Q9NPH2	5	5	39687		
P24158	3	3	46395		
P30043	8	10	310605		
Q8N5N7	4	4	56860		
Q9Y2Z0	2	2	32462		
Q8IY17	1	1	13041		
P62280	4	4	57331		
Q13976	1	1	1542		
Q9UHG3	12	14	76240		
P00738	10	13	809642		
P78417	9	9	98809		
O75844	1	1	380		
P46776	2	2	100740		
P08236	5	5	24962		
O75880	3	3	205261		
P07384	20	20	51464		
P08397	1	1	420		
Q14956	4	4	11647		
Q13425	1	1	9399		
Q96QF0	1	1	3856		
O00264	5	5	53933		
Q16587	1	1	88615		
P55769	3	4	66575		
Q86TI0	1	1	801		
Q9BXR0	1	1	7982		
Q9NSE4	18	19	131062		
Q15031	3	3	42592		
Q96T76	1	1	530		
Q9UQ90	1	1	10492		
O14874	2	2	22226		
O43237	7	7	34037		
P50148	1	1	4129		
P08575	1	1	18667		
P39210	1	1	930		
P13671	3	4	38396		
P07911	12	13	304298		
Q9BSH5	6	7	50948		
P09668	4	5	110800		
Q9Y4G6	8	8	48343		
Q13188	1	1	2338		
Q9H4G0	7	7	76719		
Q9Y619	3	3	13814		
Q9GZP8	1	1	560		
P23434	1	1	18535		
O00479	1	1	1699		
Q96IX5	3	3	64805		
O43708	1	1	4927		
O75521	9	11	88537		
P82664	1	1	58754		
P82933	1	1	9506		
O94903	4	4	40860		
Q9NSY0	2	2	12864		
Q15435	6	7	80671		
P08865	9	11	91824		
Q10567	13	13	269547		
O94826	6	7	93827		
P54802	4	4	46649		
O60902	1	1	201330		
P25398	2	2	58709		
O95373	1	1	20475		
Q8NC56	2	2	7794		
Q8WWY3	1	1	7060		
Q96M27	4	5	23539		
Q8TD55	2	2	19538		
P09914	1	1	11387		
P62913	2	3	90155		
P20810	5	5	58309		
Q6UWR7	3	3	86804		
Q8WW52	3	4	151720		
P61225	1	1	12496		
P53992	5	5	7784		
P14314	10	10	56821		
O00748	11	15	26520		
P23378	6	6	162020		
Q96Q11	1	1	8729		
Q9Y281	1	2	14272		
P05156	4	4	68010		
P26640	11	11	26940		
O00469	17	21	36042		
Q15185	3	3	56586		
Q8NBF6	1	1	26907		
P56556	4	4	33389		
Q8WTS1	1	1	12234		
P09110	10	12	26691		
Q15327	1	1	16332		
P36873	2	2	14353		
Q9UHQ9	4	4	92732		
P00352	24	35	112712		
P04406	31	48	459324		
P27635	1	1	21050		
P55327	9	11	49930		
O14975	6	6	46731		
Q15582	20	27	66330		
P45954	13	18	47258		
Q92900	3	3	37799		
O00754	2	2	24171		
P07108	5	8	107707		
P11766	11	16	192291		
P35813	2	2	18391		
P27105	6	6	114511		
P50570	3	3	164625		
P12110	17	20	652475		
Q9Y6C9	6	8	38887		
Q02928	5	5	47805		
Q9BW92	3	3	78391		
P20774	10	12	244456		
P68371	2	2	126707		
Q07866	1	1	10457		
Q00839	11	14	57221		
O15061	1	1	954		
Q9BQA1	1	1	30630		
Q9NQW7	6	6	36923		
Q92665	1	1	1220		
P46109	2	2	39718		
O14529	1	1	12705		
Q93009	3	3	19434		
P56181	1	1	20947		
Q96F10	1	1	26804		
Q15027	1	1	25285		
P05546	7	7	74316		
P26373	7	7	68586		
Q00169	1	1	9448		
Q9Y237	1	1	1541		
P05230	1	1	2462		
Q05469	11	11	174051		
P49419	23	28	70849		
O76038	9	10	101032		
P50395	15	17	191194		
P21283	11	13	194653		
Q08257	19	27	155607		
P51161	3	3	19690		
Q9H2A2	5	6	11782		
P13010	15	16	80277		
O95182	3	3	37291		
P62241	5	5	38668		
Q14573	1	1	4777		
Q99436	3	3	57756		