prot	pepSeqNum	tgNum	guot_L130410_012_SW	
Q9UBE0	2	2	35712	
Q9BSJ8	11	12	52750	
P02656	3	4	194500	
O95741	1	1	4094	
P09651	4	7	118675	
P55809	13	17	117222	
Q15631	3	3	142954	
Q96EY1	5	6	62290	
Q16706	6	6	101223	
Q9UID3	1	1	2288	
O14548	3	4	50926	
O95164	1	1	10249	
P54710	2	2	24487	
P22570	15	20	257352	
P80723	6	6	9108	
P41252	12	12	85741	
O60443	1	1	12334	
P01019	6	9	145205	
Q86VP6	20	20	301764	
O43865	1	1	82479	
P05388	5	7	171178	
P21980	14	18	294049	
Q8N5J2	2	2	80843	
P17948	3	3	87589	
P07741	6	7	443220	
Q96EK6	2	3	37767	
Q9H3S7	1	1	11171	
P50990	22	23	306855	
Q14315	1	1	228377	
P14868	18	19	265847	
P29992	4	4	70168	
Q9NYF8	2	2	70406	
Q9UBN7	3	3	69510	
P00325	6	10	59030	
O75264	1	2	64042	
O76041	1	1	14860	
P03952	1	1	20613	
P16870	1	1	22642	
P49327	64	70	168538	
P17096	1	1	23807	
Q15029	7	7	90261	
O43570	7	9	62200	
P50453	5	5	112109	
P08123	8	9	123151	
Q9Y6I9	1	1	5300	
Q9BQ69	2	2	39179	
O15460	5	5	45010	
Q9UK45	1	1	34876	
Q07812	2	2	100475	
P07093	7	7	46944	
Q49A88	1	1	13613	
Q8IZQ5	1	1	50237	
Q16181	12	14	147811	
O43583	1	1	18057	
Q96BI1	1	1	19464	
Q8IV36	1	1	20405	
P01876	3	4	637021	
Q6IPR1	1	1	23143	
P00451	1	1	5203	
O00764	6	8	126299	
Q6L8Q7	2	2	39521	
P49257	6	7	168510	
Q9Y3E1	1	1	10585	
Q9H3Y0	1	1	3644	
P35241	7	8	252468	
P00403	7	7	215642	
O75533	7	7	255624	
O75947	10	13	295432	
Q9C002	1	1	13590	
P84157	3	3	10084	
Q63HN8	16	16	105575	
Q08426	32	36	130974	
Q9NRK6	1	1	37415	
P00441	4	5	140041	
P16144	1	1	14694	
P51148	6	6	71171	
O60925	1	1	57141	
P01714	1	1	16785	
Q9UII2	2	2	7512	
O75306	5	7	81231	
P51687	12	15	215343	
P51571	3	3	66264	
P31040	15	19	224431	
P17174	20	27	385800	
P56470	13	19	536083	
Q9Y2H6	1	1	385900	
Q8NI08	1	1	2472	
Q9UNM6	5	5	104797	
P09874	9	9	104139	
Q9NVH1	4	4	44102	
Q99832	11	11	167706	
P02452	8	8	85831	
Q5JTV8	4	4	54020	
O15127	2	3	98429	
Q8TBP6	1	1	13968	
Q99460	7	7	94078	
O75390	16	18	259875	
P48507	1	1	54028	
Q9BRP8	2	2	10089	
Q9Y291	1	1	28985	
P61247	7	8	170082	
Q08174	1	1	22465	
Q8N392	5	5	59967	
P22033	10	10	113024	
Q9HD67	1	1	8535	
A6ND91	2	2	201789	
P49591	5	5	153869	
P49585	1	1	34831	
Q12931	19	22	208456	
Q53GI3	1	1	57582	
Q8TBC4	1	1	28219	
Q9H3K2	1	1	56038	
Q15427	1	1	17945	
P42765	19	26	1508981	
Q9UJ83	1	1	195516	
Q8NBX0	6	6	129338	
Q96LJ7	1	1	13836	
Q12929	4	4	55832	
P02748	13	14	189840	
P10253	15	16	138287	
P51149	10	12	270173	
Q8IVF2	12	12	586846	
Q01995	18	19	116203	
O00338	1	1	16069	
Q4KMP7	1	1	64486	
Q9BUQ8	1	1	13447	
Q96HN2	2	2	102662	
P11413	12	13	117856	
Q8IYB8	1	1	16761	
Q969H8	4	4	177915	
Q9BV20	4	4	53495	
Q07020	4	4	136646	
P04181	9	10	135604	
Q5SSJ5	7	8	100405	
Q15437	4	4	49953	
Q8TEK3	1	1	34195	
P55036	2	2	89625	
Q53FZ2	9	9	100127	
P84243	1	1	1393	
O43813	5	5	128175	
P35558	20	23	297793	
Q9UBF2	1	1	2419	
P42704	52	63	180410	
O95292	2	2	88391	
O94905	6	7	106471	
O43895	6	6	92823	
P62312	2	2	81411	
P02765	3	3	182873	
Q9H2W6	4	4	52655	
Q9Y5P6	1	1	57084	
P06756	8	8	70255	
P55735	2	2	79136	
Q8NBQ5	7	7	157358	
P13674	8	8	171254	
O14966	1	1	117634	
P55285	6	6	93236	
Q9BPX6	1	1	1660	
O43852	12	14	173826	
P53041	1	1	26590	
Q14254	8	8	60304	
Q08431	1	1	25663	
O00483	4	5	106585	
Q92522	4	4	63185	
Q96B36	1	1	24923	
P51606	4	4	81801	
P00505	31	37	179786	
Q9ULC4	1	1	7274	
P27694	4	4	115536	
P05198	6	6	126573	
Q92499	12	12	191824	
P98160	68	93	413347	
P55268	30	34	247224	
Q9HAT2	7	8	90634	
P08185	3	3	78548	
O60763	18	19	111590	
Q13564	2	2	28470	
P05026	7	10	64081	
Q13586	4	4	32433	
P05455	10	10	154450	
P17516	1	1	66187	
O94906	4	4	57032	
P04271	1	1	86113	
Q96FN4	1	1	8946	
O95379	1	1	12086	
O96019	2	2	49914	
Q2M389	1	1	1522	
Q99715	44	46	164335	
P51991	10	13	204098	
Q9H1K1	1	1	162766	
P08195	9	10	220038	
Q9H008	4	4	53245	
P32929	3	3	64716	
P04217	10	14	354111	
P43686	6	6	46375	
Q9BQI9	1	1	10603	
Q96G23	1	1	28097	
Q5SYB0	1	1	143616	
P48637	20	23	179033	
Q9UGV2	1	1	21524	
P00533	2	2	62948	
P63208	4	5	225773	
P63010	9	9	255270	
Q9UMS0	1	1	34670	
P02549	25	26	143096	
Q9H3Z4	1	1	22138	
P21589	3	4	115082	
A6NL28	3	4	174804	
P04004	7	10	365060	
P31323	4	4	82879	
Q9UJW0	1	1	23617	
Q9NR31	3	4	82487	
P28074	2	3	52711	
O95479	2	2	50170	
O94979	11	11	129615	
Q00610	50	62	503238	
Q9UN86	2	2	108436	
Q6AWC2	1	1	609583	
Q9BZQ8	1	1	17020	
Q9NRL2	1	1	538415	
Q6P1X6	2	2	43002	
P12956	24	29	274424	
P29144	3	3	65795	
P11217	1	1	23205	
Q14157	1	1	8563	
P49441	1	1	9525	
O96009	3	3	101514	
Q06124	1	1	19734	
Q8WXD9	1	1	27508	
Q14449	7	7	100682	
Q4V328	2	2	39671	
Q92626	10	10	77791	
Q10570	2	2	421626	
O43670	1	1	27196	
O43175	8	8	333795	
O75874	20	23	334711	
Q9HCH0	1	1	5607	
P36871	25	28	313425	
O75569	2	2	33287	
P69891	1	1	54915	
Q8NE71	2	2	19128	
P60174	19	29	3238890	
Q16531	14	14	334301	
Q08209	1	1	135743	
P11172	1	1	24451	
Q53RD9	1	1	34264	
Q14376	2	2	255864	
P38159	3	3	159064	
P08559	9	9	307230	
Q5JRX3	10	10	90466	
Q9Y2S2	12	14	952682	
O75367	7	9	272262	
P37802	13	16	507937	
O00303	7	8	168865	
P51610	1	1	17533	
O75369	75	90	300536	
O75608	5	6	117107	
Q8TCD5	4	4	93509	
Q9HAU5	1	1	88038	
P98095	4	4	55958	
P10643	6	7	104343	
O94855	2	2	52451	
P11021	35	54	824186	
Q96CP2	1	1	11925	
P01833	10	10	226442	
Q96AC1	7	8	107871	
P16219	15	17	232389	
Q9HB40	5	6	107712	
O60240	25	28	152945	
Q92598	9	9	73735	
P55157	4	4	93843	
Q9BUP3	6	6	99281	
P60981	3	4	175833	
Q6UB98	1	1	42861	
P16401	4	4	1028900	
Q86X76	2	2	137329	
Q16775	7	7	131242	
P29536	1	1	18646	
P24310	2	2	56301	
Q86WU2	9	11	138374	
Q9NZJ7	3	3	62805	
Q04446	9	9	123328	
Q68CK6	8	11	199429	
Q9BXF6	2	2	37038	
P48728	1	1	12727	
Q99611	1	1	34209	
O43504	1	1	253777	
Q96AB3	7	10	146737	
P10809	48	66	388386	
Q04837	6	8	178054	
Q15363	2	2	30076	
O43493	2	2	9697	
Q8NE62	12	13	144164	
Q9BY66	1	1	42700	
Q9HAC7	2	2	48470	
P18206	54	60	237489	
Q8NEY4	10	10	113664	
Q96BS2	1	1	3088	
P38117	14	17	284104	
O15260	2	2	44860	
Q8WXX7	1	1	94643	
O94808	1	1	16814	
Q96FZ7	1	1	13031	
P22732	1	1	88786	
Q9UF12	7	10	119199	
P05783	37	51	2137910	
P08133	27	34	676912	
O00232	3	3	28557	
P84090	1	1	37057	
Q8IUR0	1	1	120976	
P15374	4	4	63853	
P47985	2	4	113327	
Q9Y6U3	17	19	209870	
P13796	17	19	194607	
P51812	1	1	25954	
P41732	1	1	960	
P40306	3	4	167877	
P55072	29	34	297656	
P20339	1	1	36695	
Q99829	7	7	293381	
Q9NYU2	13	13	113823	
P31949	4	5	451526	
P02753	3	3	127824	
Q9Y285	2	2	37919	
Q12907	4	4	105235	
Q5VWZ2	6	6	128162	
Q04941	1	1	17510	
Q96I59	3	3	57249	
P08648	1	1	16645	
Q7L5N7	1	1	80718	
P62136	3	3	136549	
Q14766	1	1	75965	
Q7L014	2	2	46409	
Q9UQ80	11	12	156495	
Q9UNL2	1	1	23485	
Q8WUM4	17	20	139938	
O60313	13	13	103105	
P49908	1	1	5831	
O95428	2	2	38371	
Q14914	12	15	239479	
O00499	4	4	60909	
Q8TB37	1	1	2365	
Q03154	26	34	246280	
Q5TC12	1	1	111723	
Q9Y287	1	1	3175	
Q9BX66	12	12	118941	
Q14974	10	13	107920	
O43399	10	12	313146	
Q7LBR1	1	1	55501	
P04792	21	32	1450698	
Q9NPA8	1	1	26854	
Q9Y2D5	2	2	84293	
O14732	4	4	290990	
P55795	2	3	78506	
Q14894	8	8	97711	
Q96FW1	6	7	183621	
Q6WKZ4	1	1	9337	
Q969Z3	3	4	145772	
P01824	1	1	30220	
P02760	3	3	151178	
P18077	3	4	154862	
Q96DC8	9	10	123453	
P41218	1	1	37818	
P36578	10	10	153775	
P00746	1	1	23418	
Q15046	7	7	128075	
Q9BRX8	4	4	108466	
P25787	8	10	249627	
P34059	2	2	50464	
O95302	2	2	118947	
O43837	6	7	61357	
P00734	3	4	129166	
P63241	3	4	51732	
P50851	12	12	617826	
O15320	1	1	12961	
P25940	1	1	49287	
Q86YH6	5	5	49210	
Q8HWS3	1	1	68891	
P22392	1	2	126197	
Q96ER9	1	1	3589	
P63096	1	2	42949	
Q9NUQ6	2	2	23350	
O95816	2	2	90233	
Q12959	6	6	64104	
O43182	2	2	39170	
P07360	3	3	112504	
P00918	13	18	418491	
P02461	1	1	17541	
Q9UJY5	1	1	8814	
P36404	1	1	45527	
Q8IUZ5	3	3	145362	
Q6UX06	6	6	90902	
P13866	2	2	20280	
Q9NX14	2	2	34379	
P82663	1	1	14045	
O60869	1	1	99891	
P16949	3	3	96574	
Q9UI12	13	15	101036	
Q9BVJ7	3	3	73352	
Q92688	2	2	58115	
P49023	1	1	14182	
P28065	3	3	184348	
P23588	8	9	102377	
Q9NP92	1	1	6052	
O14773	5	9	470953	
Q96DA6	1	1	28142	
P00846	1	1	46360	
P35244	1	1	52579	
P82909	5	7	96844	
Q93099	9	11	241348	
Q9H446	1	1	41876	
P35237	7	9	545758	
P26641	15	18	419011	
Q5VUM1	1	1	8465	
Q695T7	2	2	57179	
P32322	1	1	16585	
Q8NFU3	4	4	171835	
O14879	1	1	16870	
P13647	2	2	63236	
P02774	10	11	317962	
Q9ULV4	7	7	99146	
Q96DB5	4	5	90198	
Q01459	2	2	83629	
Q96RQ1	1	1	13189	
P00450	27	37	333763	
Q15800	1	1	2311	
Q96NL6	1	1	30584	
O14832	3	3	39210	
P20674	8	12	286609	
P10301	2	2	35104	
P55145	2	2	88920	
Q9Y608	1	1	1972	
Q9UHK6	12	16	74793	
O75150	1	1	12190	
Q9Y673	1	1	126304	
O43143	7	7	107246	
P48539	1	1	30921	
Q53H12	2	2	33973	
Q5T619	1	1	11975	
P06454	5	8	107186	
P49588	15	15	316925	
Q92506	5	5	85388	
Q9NRX4	3	5	215639	
Q7L523	1	1	10045	
O75506	1	1	3699	
Q9NZU0	2	2	25971	
P32119	10	12	1310512	
P23786	15	15	116448	
P55042	1	1	31691	
O14841	4	4	59901	
Q13228	25	27	214264	
Q9C0E2	1	1	113395	
Q9H3S4	1	1	42515	
O95169	1	1	30693	
Q9Y4L1	14	17	126760	
Q7RTV0	1	1	22826	
Q99622	1	1	17452	
P78540	9	11	60455	
Q14152	10	12	89002	
O14558	5	5	44881	
P13987	1	1	55007	
Q9H1A3	1	1	29014	
Q9UL12	8	9	175930	
P50895	7	7	71755	
P15289	5	6	47134	
P63279	1	1	74563	
P98164	58	68	486883	
P62701	3	3	90139	
P00387	8	10	180475	
P50238	1	1	466797	
P16104	1	1	18036	
Q5XKE5	1	1	834093	
Q9H1E3	1	1	185854	
O15230	42	49	346639	
Q99684	1	1	48505	
Q7L3T8	1	1	13077	
Q9BSD7	2	2	18854	
P22102	6	6	202805	
O95758	1	1	35604	
O00592	3	3	92585	
Q09666	130	142	521222	
Q9HCC0	16	20	135713	
P07339	18	25	965766	
P17655	16	17	528650	
P04839	1	1	5132	
Q07065	18	19	159253	
Q6PCB0	11	17	187240	
Q9P016	1	1	7241	
Q15102	4	4	135795	
Q6ZXV5	1	1	12010	
Q96AY3	6	6	88546	
Q14566	2	2	46709	
P01608	1	1	50028	
P05787	34	44	2227290	
Q16625	1	1	46697	
Q13085	1	1	13855	
P16278	10	10	460738	
Q13442	3	3	115718	
P35658	1	1	2623	
Q9GZZ1	1	1	52342	
Q13177	2	2	51761	
Q8TAQ2	1	1	308765	
Q9HBL7	2	2	46368	
Q9ULZ2	1	1	5160	
P67870	1	1	29710	
Q14240	4	4	111337	
Q14444	4	4	55166	
O95793	1	1	10497	
Q8IZR5	1	1	7474	
Q08945	1	1	50679	
Q00688	4	4	128539	
P30711	5	7	204565	
Q96DN5	1	1	39895	
Q16698	13	17	172163	
Q99536	13	15	504175	
O00743	1	1	29265	
Q02790	5	6	155619	
Q13428	1	1	9930	
P31146	7	7	141083	
Q8WXH0	7	7	62143	
Q9BYC9	1	1	18128	
Q99797	2	2	47115	
P61026	5	6	126094	
Q16555	15	19	422141	
O00299	11	12	515721	
Q9Y305	5	5	70158	
Q63ZY3	3	3	51849	
Q8NFZ0	1	1	44302	
O75937	2	2	45651	
Q13823	1	1	28640	
P46777	3	4	89667	
Q8N8Y2	10	12	231340	
P68400	1	1	23016	
O00487	3	3	96649	
Q9NXG2	2	2	166939	
Q9C0E8	1	1	9892	
P08237	16	16	343891	
Q7Z3D6	9	10	120175	
Q99614	1	1	47172	
P46783	3	3	231232	
Q9UDW1	2	2	39483	
Q92945	10	11	199823	
O95562	1	1	11150	
Q9Y5K6	5	5	68458	
P21964	2	2	50656	
Q9NZA1	2	2	18751	
P00540	1	1	35181	
P07910	7	9	508852	
Q13363	5	5	250996	
O75131	5	5	133463	
O43426	1	1	358806	
O43301	10	10	436590	
P45381	4	4	147293	
O94919	1	1	16705	
P40763	2	2	14024	
P11233	1	1	27492	
Q99490	1	1	128403	
P09327	19	20	213375	
Q8N335	4	4	102357	
Q13310	3	3	73936	
P62847	2	2	44021	
O15394	1	1	62388	
P05164	1	1	14561	
P08637	1	1	21641	
P04066	6	6	59519	
Q92896	1	1	106178	
O14786	2	2	20614	
P0CW27	1	1	64667	
P10153	2	2	21861	
Q9NVT9	1	1	13350	
O60701	16	18	181495	
P31639	1	1	1633	
P55196	1	1	38256	
Q9UBD6	3	3	33266	
Q9UKV3	1	1	3465	
Q9UGT4	2	2	33215	
Q6P2Q9	4	4	130376	
O60841	1	1	21648	
P15954	2	3	13049	
P12277	17	27	129455	
Q53EU6	4	4	43682	
P01857	5	7	1671965	
P08670	51	77	4008720	
Q9Y295	3	3	44856	
P11310	19	25	502682	
P01137	1	1	15842	
O95872	1	1	30513	
Q13724	5	6	76251	
P60900	5	6	577798	
P15090	5	7	115094	
Q9Y5M8	1	1	20055	
P23381	11	15	183957	
P54577	9	9	77389	
Q9Y3B8	3	3	128383	
P07585	10	12	55073	
Q9NZQ9	1	1	29073	
Q96AG4	7	7	147140	
Q9UJS0	14	16	327907	
Q9BV79	2	2	42522	
P06748	10	16	393122	
P21266	5	7	63010	
P61088	2	4	103301	
P54725	2	3	37137	
B9A064	1	1	273958	
Q16643	3	3	26098	
Q96TA1	7	8	154420	
P49406	3	3	52630	
Q8TAT6	3	3	36637	
Q9NR45	4	4	234898	
P30626	6	7	243122	
Q9NUJ1	10	14	102221	
Q99733	7	7	90262	
Q9NVS9	5	6	129471	
P00740	7	9	132443	
Q9BTU6	1	1	10699	
Q99417	2	2	33622	
P62993	3	3	54974	
P16070	2	2	49726	
Q9NZL9	4	4	214213	
Q00013	1	1	15225	
P28838	29	33	193844	
O00142	1	1	32612	
P41227	1	1	4352	
Q08752	1	1	24332	
Q9UN37	3	3	74308	
P35573	5	5	113659	
P30533	6	6	118668	
O43678	3	4	120585	
P62140	2	2	72365	
Q9BRG1	1	1	53995	
Q15654	1	1	18005	
Q9BVL4	1	1	12032	
P04434	1	1	12787	
Q5TBA9	1	1	8396	
Q9UHJ6	1	1	25287	
Q7Z4H8	1	1	5392	
P07711	3	3	39344	
Q8WXF1	3	3	58613	
P38606	30	42	323531	
Q9BY49	5	5	89199	
O43795	4	4	72866	
O95989	1	1	51850	
Q15599	3	3	67015	
Q9H0A8	1	1	27373	
Q8TB22	4	4	70414	
P06733	32	48	6377630	
O75629	1	1	16544	
Q15366	4	4	225799	
Q8N1F8	1	1	23955	
P50914	3	4	130575	
Q07507	1	1	44521	
Q9Y4P3	2	2	22113	
P09960	16	18	258680	
A0FGR8	3	3	40540	
P80303	2	2	36729	
P08962	1	1	17180	
Q56VL3	2	2	23079	
Q96SU4	1	1	17959	
Q00341	11	11	114223	
P02787	29	40	1105191	
P10909	10	12	290547	
Q9H1J5	1	1	332207	
Q8N4T8	4	4	72634	
P23284	12	14	475217	
Q14558	1	1	12212	
Q969Z0	1	1	13570	
Q14657	1	1	4551	
P04433	1	1	197381	
Q9UBX5	2	2	47604	
P49756	3	3	153439	
P51911	4	4	57824	
P46952	6	6	161984	
Q9NUV9	2	2	29318	
Q9NZW5	3	3	66656	
Q96IU4	7	10	320666	
P29692	9	10	217613	
Q07960	12	15	130184	
P13716	5	6	125964	
P05166	19	25	370470	
Q15628	2	2	43148	
Q14562	1	1	22169	
O43242	10	10	106806	
O75439	3	3	79261	
P10451	4	4	9784	
Q14118	3	3	92154	
P11047	28	36	323883	
P25205	5	5	54085	
A0AVT1	11	11	98635	
Q15388	1	1	23004	
Q16762	7	10	200028	
Q6PI48	8	8	68536	
Q14624	22	24	204239	
O15439	7	7	48548	
P98179	4	5	63657	
Q9NX63	5	5	143117	
Q9UI09	6	6	110843	
Q75V66	1	1	24341	
Q9P0Z9	4	4	37356	
P82970	2	2	21257	
Q6RW13	1	1	11061	
P05556	11	11	138643	
O15144	9	12	268536	
Q96QZ7	1	1	1845	
P22897	1	1	48538	
P61966	1	1	5712	
O43920	2	2	92309	
Q12955	12	12	99105	
Q15393	11	12	258852	
O60885	1	1	47320	
Q02880	1	1	14712	
P48739	1	1	16365	
P52788	3	3	120984	
P29966	9	12	82258	
P35613	5	5	94291	
O95954	13	16	195934	
P55263	3	4	59239	
Q9BYV1	10	11	261669	
Q8TEA8	2	2	23113	
P02763	7	12	458448	
Q9NXU5	3	3	62370	
P49721	7	7	205809	
Q99714	13	19	206140	
P13861	9	9	101757	
P30405	6	6	88736	
Q6VY07	2	2	11947	
P35219	1	1	42295	
Q03252	19	19	271582	
P26196	5	5	88700	
Q08495	6	6	57680	
P39748	1	1	38381	
O75208	7	7	116156	
P19971	16	20	166960	
P09543	3	3	95967	
O00231	6	6	124721	
P01031	19	19	299037	
P01699	1	1	35403	
O95433	2	2	72832	
Q15233	5	6	102984	
P30046	2	2	337038	
Q9Y5X3	8	9	160788	
P46976	4	4	118748	
P49736	2	2	22632	
Q02487	1	1	24846	
O15247	1	1	10108	
Q13938	3	3	96195	
P61916	2	2	59797	
Q9BS92	4	4	56230	
Q96BQ5	1	1	37390	
Q8TF65	2	3	75452	
Q8NBJ7	3	3	113336	
Q5D862	1	1	23510	
P30038	25	33	143269	
O43681	3	4	140672	
P40227	9	10	259113	
Q6P1M3	2	2	32142	
P49368	12	13	336038	
P50135	5	5	218757	
P11277	23	23	121800	
Q9UBQ7	8	10	296749	
O00116	1	1	28085	
P19623	2	2	104021	
O95295	1	1	28133	
Q8IZF2	1	1	3074	
Q16629	5	5	177594	
Q13277	1	1	17211	
P04196	7	8	200575	
P47736	2	2	12413	
P26038	33	41	835739	
Q8WUY1	1	1	53251	
Q9Y6N9	1	1	28730	
Q96QK1	16	17	246507	
Q86UE4	8	8	50918	
A0AV96	3	3	19352	
Q13409	7	7	125943	
Q15287	1	1	12798	
P02675	24	33	1253971	
Q96A26	4	4	106703	
P08574	2	4	86053	
Q13283	4	4	65591	
O60308	1	1	340771	
P62851	5	5	247339	
O15145	4	4	213839	
Q9NZR1	1	1	41325	
P19823	19	23	337068	
P62854	1	2	31688	
Q9Y371	4	4	55110	
Q07666	3	3	114971	
O60285	1	1	95345	
Q00325	12	13	173432	
Q9Y303	2	2	124394	
P10599	4	5	2144862	
Q9H098	1	1	8271	
Q9NR28	3	3	107925	
Q5EBL8	2	2	149661	
P53621	23	23	187621	
Q9Y224	7	7	86681	
O76003	6	6	76556	
Q96DI7	1	1	26485	
P09429	3	5	203086	
O75832	1	1	19877	
O60493	4	4	169378	
P35914	5	6	183692	
Q86XW9	1	1	74135	
Q9NTK5	6	6	173122	
Q9H2D6	2	2	44833	
Q9NX18	1	1	28559	
Q9ULA0	4	4	114526	
P53370	1	1	173764	
Q9Y5K8	9	9	109833	
P05997	1	1	15887	
O15126	5	5	56386	
Q15436	2	2	53813	
P21953	2	2	7276	
Q9Y266	4	4	83914	
Q02318	5	5	68332	
Q9NR12	3	3	65027	
P61604	9	12	953261	
P02647	19	29	2869500	
P40121	13	16	300140	
Q5HYK3	1	1	3043	
P28066	7	7	318603	
Q9UBI6	2	3	84121	
Q16401	8	9	125916	
C9J6K1	1	1	43933	
P53004	7	7	262794	
P11142	19	24	756513	
Q9Y2E5	3	3	37998	
Q9H479	5	5	67517	
Q15651	1	1	6758	
Q969V3	1	1	20572	
P28906	1	1	1884	
P61923	4	4	111022	
P08754	1	1	13746	
Q13423	34	41	300610	
Q9Y315	1	1	12824	
Q6UW68	1	1	22997	
P47755	5	6	240237	
P11216	26	32	271470	
O43674	2	2	54368	
Q9UGM6	2	2	47769	
O43819	2	2	72178	
P55010	3	3	105652	
Q8WUP2	1	1	114028	
Q16527	3	3	66026	
Q6YP21	1	1	85747	
Q9NP61	1	1	13114	
Q9H5X1	1	1	31758	
Q53FA7	3	3	73560	
Q9BUJ2	4	4	52790	
O43707	42	56	532719	
Q9NZB2	6	6	59938	
P15088	4	4	52059	
Q93052	5	6	151567	
Q01813	23	26	613574	
Q02952	20	22	105451	
P28482	5	6	349262	
O14681	1	1	203319	
Q96BT1	1	1	173892	
P06703	3	3	480474	
Q9UBW8	1	1	6683	
P48506	1	1	26583	
P54886	8	9	73766	
P04899	4	4	53996	
P46778	1	2	25873	
O60437	4	4	78598	
P22314	36	48	535258	
Q9Y2W1	1	1	8909	
P19801	10	11	192609	
Q86XP3	1	1	102922	
Q96FV2	3	4	137729	
Q7Z3U7	1	1	6220	
O14556	1	1	106642	
Q9NX24	1	1	24715	
P62424	6	7	146089	
Q03164	1	1	57796	
O75822	1	1	57799	
A6NCI4	2	2	15667	
A2VDF0	1	1	3647	
P05543	2	2	105162	
P16885	38	39	135504	
P02766	11	17	579946	
Q7Z406	1	1	42964	
Q9H5V8	1	1	32892	
O14957	1	1	31327	
Q16363	24	25	342455	
P15848	2	2	43618	
P51858	10	11	1319650	
Q9Y2B0	4	5	86642	
P01011	14	17	435672	
O60825	1	1	22750	
P52306	3	3	44200	
Q9H4M9	6	6	97118	
Q9NS69	2	2	40177	
P20700	14	14	189310	
P02489	6	7	83358	
P18031	3	3	47928	
P30153	13	15	218231	
P10606	9	12	197793	
P50440	28	38	141162	
P35749	37	43	149012	
P35754	4	6	631820	
P32455	6	6	385653	
Q9UHE5	2	3	70676	
Q14166	4	4	167349	
O00233	3	3	80199	
Q9Y4W6	9	9	89443	
P62306	1	1	5663	
P00439	12	12	108102	
Q9UNN8	1	1	20763	
O15083	1	1	64473	
P37235	2	2	72636	
P05091	22	31	851676	
Q0VAM2	1	1	48877	
O43615	7	7	74513	
P13073	10	11	302160	
P67936	8	10	276265	
Q86TX2	1	2	33505	
P06727	24	28	316164	
P51452	6	7	131643	
P63000	1	1	47439	
P16452	5	5	404432	
O00410	6	6	62807	
Q9UPZ6	1	1	14683	
P62826	6	7	700009	
P20711	15	18	322449	
B7Z1M9	1	1	38562	
P18085	4	4	79388	
Q1EHB4	2	2	29962	
P53634	5	5	134319	
Q9BU61	2	2	75324	
Q8WZ55	3	3	68260	
Q13683	3	3	164031	
Q99541	16	21	715506	
Q86XE5	7	8	41758	
Q86WA6	8	10	110900	
P21796	18	24	471843	
Q15075	9	9	118365	
Q96I15	1	1	42902	
P50454	12	18	177101	
O14744	1	2	42454	
Q92599	3	3	72235	
Q2TB90	11	11	146848	
Q8N357	1	1	33795	
P32189	1	1	51957	
Q12765	5	6	66517	
Q9HBH1	2	2	103306	
Q8WWC4	3	3	62668	
Q13232	4	4	124750	
P43304	13	14	98176	
Q92544	1	1	14458	
P30740	15	19	193514	
Q9NWH7	1	1	13358	
P00326	1	3	20825	
P28161	2	2	71945	
P62633	3	3	42381	
P16284	4	4	101109	
O00584	4	4	86750	
Q9Y646	5	5	93152	
P13645	15	17	157594	
Q9H3R0	1	1	130773	
Q9BUF5	5	5	55672	
Q96HR9	2	2	76010	
Q9Y2H5	1	1	14677	
P62333	5	5	118191	
O95163	1	1	19320	
P26006	4	4	93492	
Q9NPE2	1	1	243523	
P23229	8	8	106104	
Q8WUW1	1	1	27291	
Q9H6R3	14	14	306241	
P30039	15	19	163829	
P53680	1	1	83473	
Q9BX97	2	2	53232	
O95340	1	1	20767	
Q15637	5	5	57081	
Q9NPL8	2	2	8286	
P49354	1	1	1598	
P27216	1	1	23971	
P46459	11	11	117643	
P02794	11	16	249525	
O43464	6	6	100623	
P53367	5	5	57837	
Q5T4S7	3	3	80620	
P25786	10	10	315782	
O60936	6	7	52508	
Q96HE7	7	7	159201	
Q6NZI2	9	12	391782	
Q9NVD7	4	4	49228	
P13611	12	13	428569	
Q14697	33	42	484100	
P08294	6	7	43196	
P12111	104	131	619490	
P07437	5	8	1503436	
Q6FI81	4	4	50872	
Q86UT6	1	1	17600	
O94760	9	11	611770	
P52735	1	1	12518	
Q9H299	3	3	152001	
O14617	6	6	64776	
P50552	5	5	53039	
Q14141	1	1	5878	
P49589	1	1	59293	
O75368	6	7	270092	
Q8N3V7	3	3	25045	
P62330	2	3	140383	
P16444	7	8	159266	
Q7Z434	3	3	18503	
P30044	10	15	773949	
Q53GS9	1	1	7362	
P01621	1	1	211634	
Q13621	6	6	65008	
P12081	4	4	93938	
P31277	1	1	68558	
P58107	13	16	247139	
Q7Z2W9	1	1	16679	
P04075	23	35	1143000	
P02743	9	11	141198	
Q9NQG5	5	5	85727	
Q5VW32	2	2	36963	
P13807	6	6	106221	
Q16540	1	1	10530	
P15170	1	1	31134	
Q93062	2	2	46561	
Q9Y6W5	1	1	37006	
Q12849	3	4	24345	
Q9UMY4	1	1	24574	
Q13315	1	1	211136	
P61353	1	1	54717	
P62277	4	5	168543	
Q9NWV4	1	1	16735	
Q02252	28	37	362478	
Q96H20	1	1	29902	
P00568	4	4	168890	
Q13242	1	1	69361	
P62191	4	4	73812	
P45974	18	19	187574	
Q9BZK7	1	1	12351	
Q86Y39	2	3	67084	
P84098	4	5	110692	
Q9BYT8	4	4	65446	
P14317	2	2	58032	
O00476	1	1	9672	
O15067	6	6	73159	
P62318	2	2	106475	
Q9UMS4	6	6	172610	
P25815	1	1	2473	
Q9H8Y8	3	3	54796	
Q5ST30	1	1	5175	
Q14554	5	5	125158	
Q9UHB6	12	12	177255	
Q15019	8	12	251403	
Q63HM1	1	1	3894	
P18428	3	4	60482	
P35270	8	11	192067	
O96008	2	2	43333	
Q9BYD1	2	2	144402	
P07858	7	10	103418	
P80217	1	1	44842	
P52565	7	8	322915	
Q01081	2	2	100255	
P21281	14	17	221024	
P28331	20	25	124387	
Q9BZF1	1	1	27795	
Q9Y696	10	12	352382	
P35998	9	9	160035	
O75970	1	1	181107	
P47897	9	9	129286	
Q96GD0	1	1	11359	
P08519	1	1	22620	
O75165	2	2	19482	
Q99766	2	2	46565	
P11182	9	9	185610	
P52434	1	1	4979	
P07237	33	42	936663	
P62269	6	7	208025	
P61106	13	15	196773	
Q9H6Q4	1	1	21263	
P27708	5	5	91468	
Q9H4B4	1	1	16934	
P37198	2	2	40977	
P50213	7	8	79756	
Q9UBI1	2	2	31782	
Q9Y3Z3	16	16	179317	
Q86Y82	4	4	53126	
Q9UBQ0	4	5	103769	
Q03135	5	5	108124	
P01009	30	48	2150217	
Q9Y3E0	1	1	12977	
Q9BXJ7	3	3	66656	
Q8N655	1	1	30399	
O43169	2	2	31022	
P12830	5	8	58372	
P07195	14	17	2258437	
P12814	19	24	179123	
Q05707	34	35	492499	
O60673	1	1	67025	
P22307	8	8	125533	
Q04637	11	11	87592	
Q9BTV4	3	3	63335	
P09622	14	15	197312	
P48047	13	16	478469	
Q1KMD3	10	10	105997	
Q9H0W9	7	11	531803	
Q14204	74	77	185591	
Q02338	5	5	39400	
Q16134	12	13	102432	
Q16774	2	2	36910	
Q15904	5	5	302370	
Q96IY4	1	1	47131	
Q01415	2	2	98538	
P25774	4	4	71137	
P36957	13	15	350518	
P78357	1	1	79324	
P15924	4	4	193170	
P68366	3	4	825270	
Q5HYA8	1	1	27484	
P51572	4	5	156146	
O00401	1	1	6610	
O60610	1	1	28850	
Q9H9B4	10	10	185197	
Q13356	1	1	14356	
P07814	15	15	132782	
P04114	59	60	171994	
Q16853	7	8	329074	
Q15417	6	6	128830	
P35637	3	3	162860	
Q14195	2	2	37533	
Q9Y3D2	2	2	85446	
Q96EP5	2	2	28456	
Q9UEW8	2	2	7546	
P29728	1	1	6652	
P06576	42	64	1322598	
O75935	2	2	94271	
O00170	2	2	80304	
O43765	2	2	16229	
Q99584	4	5	158054	
P36551	1	1	14433	
Q10471	3	3	56953	
Q9UDR5	7	8	61795	
Q9UNE7	3	3	65752	
P31431	1	1	54441	
Q8N1F7	3	3	59794	
Q96HS1	2	2	46405	
Q14651	8	9	99328	
P12532	6	6	64857	
O75955	5	5	62147	
Q9GZM7	7	9	146490	
Q9NUQ9	5	5	70090	
Q9HB71	3	3	55461	
P35580	38	45	140713	
Q9GZZ9	2	2	65195	
Q9Y6B6	1	1	39670	
Q9UJW2	8	9	122648	
P24752	23	34	868491	
Q8WZ42	1	1	450998	
Q9BRA2	3	3	224169	
O96007	1	1	16452	
Q9Y3B3	2	2	65733	
Q9HCJ6	2	3	48091	
Q96HC4	7	8	61420	
P01860	2	2	108429	
Q9ULZ3	7	7	169374	
P54136	9	9	97957	
P06753	4	6	399209	
Q8NF91	2	2	39775	
P54819	15	20	743635	
Q9UNH7	2	2	121515	
Q9BV38	1	1	32218	
Q53SF7	4	4	53329	
P51659	16	17	183167	
P78527	28	28	1045670	
Q9HCH5	1	1	17389	
O95336	9	10	356457	
Q5JU85	1	1	31161	
P04264	24	26	231325	
Q9NP97	1	1	25354	
P15153	2	2	61348	
Q00796	9	10	121886	
Q92820	9	13	78890	
Q15274	5	6	213356	
Q8WVY7	1	1	16435	
P08238	11	15	412863	
Q5TDH0	3	3	53503	
Q9UN36	5	5	100897	
P13797	11	12	113311	
O94886	1	1	8104	
Q5TEZ5	1	1	148079	
Q9HBJ8	1	1	6142	
Q9UIQ6	3	3	23012	
Q9BR76	4	4	97996	
Q86W92	1	1	65577	
P31930	16	20	149759	
A0AVI2	1	1	132137	
Q06323	11	12	563467	
Q9BVG4	4	4	163227	
P31939	20	22	305198	
Q969X5	8	8	202598	
P30041	17	23	1055741	
P50993	1	1	6283	
P11234	3	3	58184	
O75347	6	6	444314	
P63104	9	14	727407	
Q14247	10	10	191452	
P82979	1	1	65840	
Q96LD4	1	1	4829	
Q99798	40	61	464406	
P19338	22	23	393633	
P20290	1	1	35183	
P20618	7	7	366999	
Q6P179	1	1	20005	
Q92817	3	3	136009	
P57105	3	3	75108	
P48735	19	25	378778	
O76094	4	4	96674	
P23297	1	2	29415	
P02671	30	41	470098	
P61158	7	7	312773	
P60953	4	6	180657	
P80365	5	6	37782	
P62861	2	2	220470	
P56199	3	3	86606	
O75436	5	5	99215	
Q96LB4	2	2	31711	
Q9GZT3	5	6	141053	
Q8NFV4	10	13	112507	
P37837	14	14	822083	
P17987	15	18	433238	
Q96C86	4	5	77272	
P35908	15	16	105919	
Q9Y2R5	1	1	13098	
Q96CG8	2	2	102027	
P62195	9	9	96589	
Q9Y6N5	13	13	178626	
O15372	4	4	48492	
Q9UHD8	13	13	212200	
P05452	1	2	18112	
P51884	13	17	385724	
P13284	1	2	29475	
P42285	2	2	191360	
Q9BVK6	2	2	50383	
Q9H223	11	11	122338	
P51801	3	5	34139	
Q15907	2	3	95492	
Q01449	1	1	3526	
Q6P4A8	6	6	63026	
Q8N370	1	1	5161	
O95154	7	10	287972	
P0DJI8	3	4	234028	
P09234	1	1	25055	
Q00059	3	3	71686	
P62937	10	13	2099939	
Q96JB5	1	1	8660	
Q6ZWH5	1	1	14185	
Q9BWS9	1	1	14080	
P15121	16	21	151647	
Q13263	8	8	147067	
P61978	14	19	530682	
Q5VWJ9	1	1	8821	
Q07157	6	6	71291	
P62249	8	8	273070	
Q9H6R7	1	1	43414	
Q10589	1	1	96899	
Q14116	2	2	144845	
Q9H3K6	1	1	31431	
O95394	4	4	89746	
Q86UW7	1	1	70517	
Q9ULD0	22	25	235061	
P62917	2	2	209616	
Q13011	13	14	510880	
Q9NR19	9	10	111200	
P83916	1	1	16289	
Q9UBR2	4	4	87017	
Q8WWM9	1	1	30932	
P17931	8	13	323061	
Q8TBX8	1	1	28105	
O75923	2	2	49739	
P04003	3	3	143261	
P48681	15	16	279369	
P49915	3	3	101405	
O15533	4	4	75527	
P27338	10	13	335903	
P53990	4	4	69347	
P46939	4	4	43364	
Q9UHB9	3	3	114948	
Q9UKL6	1	1	65983	
Q9BQ61	2	2	29824	
P0C0L5	3	3	164632	
Q96S37	1	1	51183	
P21810	13	20	485856	
Q8IXM2	1	1	15064	
O95834	6	6	160004	
P61019	5	6	73459	
Q8N8R3	1	1	27445	
Q9P0V9	2	2	56778	
Q8TB96	1	1	10207	
Q92572	1	1	41476	
Q8TCS8	6	6	101045	
Q8NI60	2	2	58349	
Q8TDX5	1	1	27517	
O75663	1	1	19980	
Q08170	4	4	48541	
Q9Y263	1	1	5062	
P42766	1	1	56297	
Q969T9	1	1	26885	
Q13057	9	10	272356	
P02652	7	8	657151	
Q12802	2	2	165774	
O95168	3	4	119220	
P62888	2	2	150454	
P40616	2	2	54058	
P78324	1	1	3011	
P36969	5	5	157898	
Q8N766	3	3	83150	
O43684	2	2	48857	
P20042	3	3	42904	
Q9NXE8	1	1	113706	
Q9Y5L4	2	2	59998	
P54727	6	7	175978	
Q15120	2	2	30943	
A6NDB9	2	2	66058	
P17568	1	1	16297	
Q9NZN4	18	20	243799	
Q96M32	1	1	395900	
O60343	4	4	35227	
P19320	2	2	31575	
Q9H9J2	1	1	4475	
P37231	1	1	227315	
Q8NHP8	1	1	47483	
Q9NQ48	1	1	21963	
Q99623	18	22	353684	
Q9Y490	60	77	259908	
Q8WWV3	1	1	5989	
P00491	14	16	245127	
O95757	6	6	122060	
Q03426	1	1	25605	
P35680	2	2	22573	
P21399	26	31	240173	
Q96CX2	14	17	93332	
P13591	1	1	25363	
Q92905	5	5	78466	
Q9Y617	9	9	117136	
P31689	5	5	66458	
Q99543	1	1	13623	
P15586	4	4	65891	
Q96G03	11	13	104109	
P62314	2	3	108909	
O75348	2	2	58885	
P29034	1	1	38206	
P01903	3	4	191390	
Q53FT3	1	1	8030	
Q9P273	1	1	42092	
Q9NZT2	1	1	21258	
Q6IQ23	1	1	39960	
Q9UM54	9	9	88646	
Q8TC12	3	3	113658	
P09871	4	4	205372	
P53396	28	32	428859	
P05154	6	6	84154	
Q6UB35	1	1	17063	
P34897	17	20	373481	
P39019	8	9	138412	
O75781	3	3	103735	
P61313	4	4	158830	
Q9H4L7	1	1	12263	
O43396	6	6	197212	
P16671	6	8	102264	
Q96GA7	3	3	67218	
P09210	2	2	299508	
Q9UEU0	3	3	46432	
O94973	9	11	75093	
P81605	1	1	22999	
P63244	10	11	256323	
P08493	1	1	17957	
P14324	5	5	119739	
Q9Y678	13	15	104615	
P52789	3	3	53377	
Q9NRX3	3	3	157588	
P12694	11	13	103077	
Q96CN7	3	3	98227	
Q9Y2Q9	2	2	76158	
O95747	5	5	43052	
Q8NFF5	2	2	19278	
P07148	6	7	134983	
P08729	25	30	487159	
P68871	12	23	9854030	
P58546	3	4	109950	
O14907	1	1	17806	
P55083	2	2	28410	
P05067	3	3	26958	
O95219	1	1	15053	
P33176	9	9	134415	
P02790	12	14	1029125	
P17900	4	5	88185	
P05386	2	3	235380	
P49006	1	1	7953	
P02545	45	53	1290535	
Q658Y4	1	1	3378	
Q9UHY7	3	3	128372	
Q9NSK0	1	1	16066	
Q6E0U4	1	1	11638	
Q96HY7	7	7	118276	
P09936	5	6	131564	
Q16650	1	1	27246	
P04062	1	1	10504	
Q13509	2	3	39643	
Q9NX58	1	1	13224	
P25391	53	58	112247	
P24844	3	4	249830	
P18621	3	4	106605	
O15347	2	2	71485	
Q9NVA2	7	9	97148	
Q96PD5	1	1	10048	
O00567	4	4	46144	
Q5T6J7	1	1	12406	
Q9NRN7	1	1	26912	
Q13642	2	2	164204	
Q9Y2Q5	3	3	75033	
O94819	1	1	7712	
O76021	1	1	8744	
P01891	1	1	19899	
P62273	2	2	100067	
Q13576	32	33	110091	
P10412	1	1	34369	
Q5T2T1	3	3	25420	
Q05682	21	22	284305	
P24298	1	1	67652	
Q9HBH5	3	3	56158	
P33121	20	23	262726	
Q9Y5S9	2	2	65874	
P21333	84	115	435273	
P62805	10	13	5105650	
Q8WUK0	1	1	3767	
O00115	2	2	50375	
P04080	3	5	468390	
O15027	2	2	16172	
P08697	5	5	65147	
O00515	5	5	51776	
Q15526	2	2	41949	
P30086	11	20	2350130	
Q9BZE1	1	1	5334	
O15195	1	1	137570	
P50336	5	6	67760	
Q9BYD6	3	3	148324	
P17813	1	1	6407	
P48643	12	14	604772	
Q92930	1	1	18236	
Q9Y3D6	3	3	95556	
Q9UMX5	1	1	57098	
Q8WUI4	1	1	173200	
P49755	4	5	100351	
P52943	4	5	274694	
P35579	92	125	474015	
Q9NTJ5	4	4	22258	
Q9P032	1	1	10511	
P07951	3	5	86793	
Q96DH6	2	2	56981	
P36405	5	5	110523	
Q9BPW8	10	14	147773	
Q8NEZ3	1	2	174023	
P28330	3	3	57158	
P24666	3	3	220785	
Q9H4A4	9	10	164968	
Q04760	8	9	373255	
P29972	1	2	78502	
Q13247	1	1	105747	
P21695	20	25	276724	
Q15418	1	1	35399	
Q9C005	1	1	39364	
Q9BT09	2	2	57516	
P02788	11	11	154339	
O14828	2	2	30524	
Q8TBA6	1	1	117946	
O75431	3	4	161156	
P30419	3	3	65161	
Q9NYL9	7	9	59140	
O00571	5	5	91048	
P41091	1	1	20901	
Q9NZD2	4	4	76380	
P09382	5	5	751593	
P55786	12	14	162786	
Q01085	1	1	18727	
Q9BUP0	3	4	72762	
P00390	15	21	285130	
P49189	11	13	427446	
P62714	1	1	9459	
A1L0T0	2	2	19637	
P42224	16	17	470107	
O60488	1	1	12901	
Q7LG56	3	3	31054	
Q9H3G5	5	5	258496	
P57737	3	3	25721	
P27797	19	23	372526	
Q9Y478	2	2	20823	
P35542	2	2	59762	
O43181	4	4	158538	
Q02543	3	3	65868	
O95782	3	3	43124	
P07738	4	4	96654	
Q9H173	2	2	19097	
Q02218	21	25	315610	
Q6P4F2	1	1	13556	
Q96P70	2	2	30344	
Q16881	7	7	140310	
P38571	1	1	45216	
Q15084	14	19	361661	
P62906	3	3	157841	
P09493	9	10	369801	
Q15942	6	6	97163	
Q9UHL4	9	11	91836	
Q9Y3B7	3	3	67843	
P01764	1	1	78835	
P01040	1	1	31496	
O95347	1	1	401	
P36269	5	5	56836	
Q7Z2W4	2	2	23198	
P19652	5	7	220239	
Q6PEY1	1	1	32253	
Q9Y512	4	4	957117	
Q9UHV9	3	3	208517	
Q13451	8	8	79276	
P62495	6	6	216050	
P14543	28	32	316678	
Q14789	1	1	10520	
Q92621	1	1	3511	
Q08211	21	23	183572	
Q86TU7	2	2	9381	
P69905	17	38	3970450	
Q9H2H8	1	1	39442	
P31513	1	1	10945	
P07900	15	19	385020	
P62244	4	4	137446	
Q9UBU9	1	1	105399	
Q96M96	1	1	13296	
Q92747	1	1	78880	
Q709C8	5	5	36872	
P04275	16	17	198640	
O60664	15	19	116631	
Q9Y6C2	11	11	302549	
P40261	7	10	253509	
Q6IB77	14	16	77679	
O00186	1	1	19075	
Q16186	1	1	11982	
Q53H82	5	5	67563	
Q9P253	1	1	5542	
Q8IX12	2	2	425738	
Q16773	1	1	39996	
Q16666	5	5	37802	
P30101	29	42	963441	
A6NDG6	1	1	60671	
Q15165	5	7	62098	
P00736	1	1	20278	
O15244	1	1	11898	
P06865	9	10	98145	
Q9NQP4	1	1	24440	
P28072	3	3	113996	
P05155	10	11	384180	
Q8IYQ7	1	1	8190	
Q9UQB8	1	1	20189	
Q8NF37	2	2	34814	
P13639	22	28	477820	
O75146	3	3	49038	
Q6P587	7	10	88697	
Q9BTE6	2	2	29111	
Q86U42	1	1	14832	
Q99816	2	2	36491	
Q8WVM8	3	3	38508	
O60218	5	5	90234	
Q6NVY1	16	20	183358	
Q14108	6	7	96928	
Q6P996	3	3	38873	
Q9C0B1	2	2	73870	
Q07954	7	7	54525	
P45973	1	1	14629	
Q9H3N1	1	1	34637	
Q9Y6G9	1	1	14023	
P46087	1	1	124583	
P00748	2	2	90784	
Q9BYF1	2	2	38330	
Q15847	3	4	288776	
Q01082	94	117	426408	
P61457	2	2	216608	
Q96JY6	7	8	90763	
O43491	7	7	125211	
O15399	1	1	48874	
Q96QR8	2	2	24096	
P05162	2	3	181149	
O94874	9	9	107795	
Q15382	1	1	48288	
Q9UBS4	2	3	43524	
Q8IUX7	2	2	39137	
P16112	1	1	20574	
P01008	18	23	134854	
P28332	6	6	89643	
Q9NWS8	1	1	7590	
P02751	54	67	277934	
Q13765	3	4	89891	
P12821	8	9	66792	
Q9P260	1	1	9102	
O75746	8	9	248990	
Q13045	8	8	69787	
Q8WW12	2	2	35034	
O14974	3	3	86444	
Q13813	124	144	429129	
Q8IUD2	1	1	5821	
O95721	2	2	61948	
P22626	17	23	959621	
P78371	22	24	276526	
P50402	1	1	8222	
P16157	16	16	84839	
Q15365	5	6	477618	
Q8IXI2	1	1	72069	
P40926	18	23	521508	
O60716	14	14	158767	
P02792	11	17	324494	
Q9HC35	6	6	136052	
O14949	3	4	66434	
P01023	49	62	710225	
Q14203	11	11	160532	
Q9HB20	1	1	6624	
P30084	14	20	367211	
Q14160	3	3	89241	
P09104	8	13	243423	
O43617	2	2	92284	
P51580	3	3	49642	
P60033	1	1	28978	
Q13492	9	10	119755	
P30273	3	3	58256	
O60494	21	26	237627	
Q0VF96	1	1	19829	
Q16543	5	6	141851	
O00148	1	1	15701	
P62258	16	23	649582	
Q6YN16	11	13	184345	
O00422	1	1	18944	
P43080	1	1	15974	
P51798	1	1	16205	
Q5VZ46	1	1	10395	
Q15424	1	1	48944	
P78330	2	2	188599	
Q9BXP5	4	4	90215	
Q495M3	2	2	13502	
Q9Y2Z4	3	3	32965	
P16930	13	15	223400	
O94788	8	8	112851	
P28070	4	4	190725	
Q8N163	6	6	145574	
Q9Y5X1	4	4	86031	
Q9H2U2	11	16	90113	
P06280	2	2	30651	
O15014	1	1	24894	
P51888	12	16	91799	
P14780	1	1	6303	
P11279	6	8	201928	
Q5VIR6	2	2	17494	
Q9NT62	2	2	48979	
Q9BTW9	2	2	34833	
Q02809	7	7	72203	
P61201	3	3	40027	
O15020	18	19	70849	
P22676	2	2	40788	
P22234	10	13	133027	
Q9P0J0	3	3	68131	
P21397	17	19	77553	
P16615	4	4	46984	
Q01518	16	21	594504	
Q9HAB8	2	2	58757	
Q5JPH6	2	2	41849	
P09497	3	3	83872	
P55084	25	30	638813	
Q92973	3	3	52690	
Q9NQX3	3	3	58336	
P50479	2	2	102275	
P14920	3	3	97751	
Q9UKG1	3	3	16963	
Q32P28	4	4	57439	
P48147	1	2	58993	
P32754	11	13	71449	
Q06830	12	15	1090436	
Q7L5N1	2	2	73238	
O75891	26	30	399883	
Q9BT78	5	5	130365	
Q13126	3	4	79286	
O60749	11	12	210882	
Q14764	37	47	563773	
P02042	9	14	1758763	
Q9HCB6	8	9	166382	
P42574	1	1	13528	
Q7L576	6	6	133029	
Q6IAA8	5	5	78932	
Q92575	1	1	21269	
P29401	22	31	415783	
P11215	1	1	25834	
P63098	1	1	29357	
Q8IVM0	1	1	6755	
P17540	8	8	150437	
Q15018	1	1	230240	
O15540	5	5	1606485	
P84103	6	6	304546	
P06133	1	1	40277	
Q5T2W1	9	11	158074	
Q99757	1	1	44545	
Q93088	19	27	980586	
Q9Y6D6	1	1	7016	
P61626	5	5	97374	
O95967	2	2	25842	
O60220	2	2	67423	
Q9Y606	2	2	235160	
Q8IXB1	1	1	29289	
O00151	10	10	400472	
Q9NZ45	3	4	60197	
P30040	8	9	233764	
Q9UHA4	2	2	166614	
Q8NBJ5	8	9	104485	
Q16658	11	11	374018	
P49407	2	2	30525	
Q8WW59	8	8	120829	
O94875	2	2	90031	
Q6NV75	1	1	99241	
Q15126	3	3	90793	
Q9NYQ3	4	4	52078	
Q9Y259	1	1	16741	
P14854	3	3	87969	
P07954	18	23	178076	
P27482	3	3	64630	
O15511	3	3	141559	
Q02750	1	1	8004	
P49753	1	1	10060	
Q9UNS2	1	1	24279	
Q9HCF6	1	1	65222	
P27816	20	20	180551	
Q15746	7	7	113503	
Q8N6H7	1	1	8129	
Q6UW63	1	1	19053	
Q9NX46	2	2	71509	
P10515	14	15	153884	
P23142	5	5	152114	
P15428	1	1	37351	
Q96I99	21	23	401304	
Q9Y697	2	2	49169	
O43324	2	2	37194	
Q9H9F9	1	1	35804	
Q12904	7	7	111287	
Q86VN1	2	2	61374	
P51553	1	1	18690	
Q8IVS2	1	1	10328	
Q86UY8	1	1	15324	
P39023	3	3	91427	
Q8WTX9	1	1	128599	
P18859	9	11	213787	
A4D1P6	1	1	48487	
Q9BQE5	8	9	183143	
Q9UBG0	1	1	2925	
P14866	10	11	189640	
P00797	1	1	9179	
P01717	1	2	81528	
Q9H1E5	1	1	13806	
Q8WWI1	8	8	53367	
O95563	1	1	23441	
O43294	2	2	49953	
P63151	2	2	73200	
P46108	3	3	72666	
P55008	3	3	55975	
Q14683	2	2	96840	
P05937	15	21	877392	
Q16719	1	1	12775	
Q86UP2	29	29	567362	
Q7KZF4	25	29	595148	
Q9H845	10	11	61113	
Q9BS26	4	4	150866	
A6NNA5	1	1	52031	
P04211	1	1	35835	
Q9HBL0	19	20	221611	
Q9H7C9	3	3	91594	
Q9H269	1	1	12525	
P43034	5	6	78383	
Q13505	4	4	34822	
P08263	1	1	269785	
Q9H6S3	9	10	288588	
P80404	15	20	102378	
P50897	4	4	93533	
Q9NY33	8	8	161380	
P39059	9	10	124972	
Q9NQT8	10	10	72808	
P42677	1	1	11164	
P25705	36	52	1595464	
Q9UL25	4	4	137926	
Q9NWU1	2	2	19512	
Q5T440	3	4	79605	
Q9Y262	4	4	52747	
P55265	4	4	40306	
Q96C00	1	1	18211	
Q02978	17	18	290701	
Q9NV96	1	1	17752	
P32456	1	1	17080	
Q99598	1	1	18517	
Q9P2K5	2	2	132968	
O95299	10	11	176381	
Q9H4G4	1	1	6458	
Q15181	10	15	297184	
P46821	8	9	70321	
Q9Y3F4	5	5	145804	
Q5VXI9	1	1	80775	
P05186	2	2	45965	
P31943	3	3	78834	
O95167	2	2	23548	
P35611	9	10	75080	
O75323	7	8	121043	
Q14165	4	4	93619	
Q9UGB7	3	3	99709	
P23083	1	1	15696	
Q8TD19	1	1	17630	
P62310	1	1	112716	
Q9UKU7	5	5	113278	
P13693	3	3	56577	
Q8N4Q0	1	1	8826	
Q9Y3A6	1	1	39230	
P13667	31	36	265653	
P35080	4	5	23965	
Q9P2F5	1	1	36244	
Q9UH62	1	1	33823	
Q8WXI4	1	1	19622	
Q12797	11	13	100406	
Q15121	2	3	146264	
Q15843	3	4	145132	
Q71UM5	1	2	89397	
Q9H307	1	1	28197	
Q00056	1	1	1122110	
Q6UXS9	1	1	264816	
P27144	15	22	401389	
O43815	1	1	22652	
Q92890	1	1	29608	
P17980	7	9	146994	
Q96CM4	1	1	27941	
Q05397	1	1	81551	
P61221	4	4	53350	
O75884	3	3	52267	
Q6PIU2	7	9	95633	
Q86YB7	5	6	47210	
Q7Z6Z7	5	5	47943	
O00154	4	4	113964	
Q7L266	2	2	183939	
P11498	41	49	220616	
Q9GZT8	2	2	73616	
P12931	1	1	48592	
P21912	11	13	226990	
O14618	2	2	120138	
P49959	1	1	14946	
Q5T447	1	1	92658	
Q9P035	2	2	36628	
P82650	3	3	56087	
P50747	1	1	18628	
P02746	2	2	42381	
P13473	3	3	44575	
O75531	1	1	85962	
P29218	4	4	111949	
Q9BQ52	1	1	3813	
Q16630	2	2	95934	
Q16740	2	2	32048	
P42330	4	4	247359	
P30042	7	10	175455	
O43809	4	4	80354	
Q13435	3	3	61468	
Q5JTJ3	1	1	18687	
P09132	1	1	1633	
Q13526	1	1	97648	
Q99497	10	11	676305	
Q9BTT0	1	1	96498	
Q8NHG7	1	1	25456	
O00757	2	2	177328	
P16152	13	15	269568	
P23193	4	4	104591	
P51690	1	1	25201	
Q13404	1	1	3996	
P62942	3	4	335734	
Q7L0Y3	3	3	84010	
O60784	4	4	75767	
Q01433	1	1	41495	
O94986	1	1	1001020	
Q7Z4W1	6	6	162592	
P83111	3	3	188092	
P29350	3	3	42704	
Q92520	1	1	6637	
P56192	2	2	53737	
P08571	3	5	69694	
P02749	3	3	202307	
Q8WXX5	1	1	21297	
Q6DD88	1	1	22004	
P55060	7	7	96505	
P34931	1	1	51718	
P42785	4	4	228877	
P60903	3	4	790110	
Q9UIA9	1	1	18730	
P09661	3	3	87742	
Q12792	6	7	43327	
P14923	7	7	330376	
Q9P2R7	10	11	197954	
P31153	6	7	207331	
P18124	8	10	181215	
O96000	3	3	55601	
P60510	1	1	25628	
Q8IYU8	2	2	36194	
P08107	13	19	835252	
P15531	4	5	154343	
Q9NSD9	7	7	121883	
Q9Y2X3	7	7	153029	
Q93083	1	1	651	
Q03518	5	5	33283	
O60826	3	3	264895	
P56134	3	3	110884	
P53007	4	4	137525	
P35527	14	14	210239	
Q9H6V9	1	1	38742	
Q15008	1	1	25673	
P00739	2	2	29473	
P36543	8	9	164829	
Q9NRZ7	2	2	49476	
Q9ULC6	2	2	29870	
P55789	1	1	4569	
P12644	1	1	955357	
P49914	1	1	11387	
Q06278	8	8	267466	
Q9UKY7	2	2	63521	
P61586	1	1	11241	
P61289	4	4	49230	
Q8NBS9	12	12	228787	
Q9Y2V2	3	4	130722	
P25325	9	9	232932	
Q06033	5	6	188178	
Q9Y376	5	5	62035	
P49789	3	4	51501	
Q9Y4K1	5	5	45241	
Q9HBG4	22	23	104863	
Q9Y3I0	8	8	159156	
Q8IZP0	1	1	9163	
P42126	6	6	147240	
Q8NI22	1	1	32453	
O15371	1	1	7588	
Q16790	5	6	94429	
O94832	1	1	9171	
P59103	1	1	370	
P26599	10	14	306460	
Q6GMR7	1	1	44821	
P52758	7	10	236970	
P24534	4	4	215144	
P01859	4	5	1067326	
Q13155	2	2	55130	
O75352	1	1	4495	
O43768	1	1	7456	
P12109	19	24	299529	
Q969L2	1	1	14900	
Q9P219	1	1	26375	
Q9H4A3	1	1	121421	
Q86UX2	5	5	67324	
Q53T59	1	1	90573	
P07996	15	16	728056	
P48163	6	6	71849	
Q9UBQ5	3	3	85046	
Q14103	4	4	175257	
P62841	1	1	9011	
P12004	3	3	76261	
Q8TAE8	1	1	73911	
P30613	17	21	262725	
Q562E7	1	1	43354	
Q8NCW5	3	4	73569	
P50991	11	11	345866	
Q96CT7	2	2	54714	
Q96HY6	3	4	25627	
P62081	7	8	254149	
P23396	15	16	272762	
Q9NYL4	1	1	18088	
Q96BY6	1	1	25119	
P0CG38	1	1	60836	
O95487	1	1	3799	
P15313	14	18	278384	
Q86V81	2	3	103775	
Q6NUK1	10	10	171072	
P0DJI9	1	2	85556	
Q96KP4	27	44	2105568	
O43451	10	12	65291	
P11586	26	27	270774	
P14209	1	1	10820	
P28288	2	2	16153	
P46379	1	1	21441	
Q8TEX9	2	2	12281	
P62070	1	1	5007	
Q9Y5J7	2	2	231909	
Q13885	1	1	29998	
Q3L8U1	1	1	19013	
Q9H7Z7	13	14	117835	
P45880	9	10	205036	
Q96AP7	2	2	31156	
Q9C0D6	1	1	13200	
Q96TC7	1	1	54499	
Q9Y3E7	1	1	385678	
Q08722	1	1	31383	
Q96HD9	4	4	79105	
P01034	1	1	40920	
Q9P0M6	2	2	73539	
A6NJG2	1	1	37368	
O75915	3	3	112348	
P60468	1	1	5669	
P04040	26	34	330696	
Q15020	2	2	65592	
A0PJK1	1	1	290084	
P13804	15	21	250792	
Q9NP81	5	5	63071	
Q14677	7	7	112232	
P61020	3	3	188004	
Q8NBU5	1	1	37794	
P01871	4	4	316271	
O75153	1	1	25116	
O60271	11	11	182233	
Q86UX7	3	3	28843	
P43652	4	5	114479	
P08621	5	5	127845	
P09417	8	10	265490	
Q9Y333	3	4	187559	
P01780	1	1	97852	
Q9NZJ5	1	1	14065	
Q9Y2T2	2	2	44177	
Q9Y394	3	4	75694	
Q9UI17	28	32	226669	
Q13405	3	3	20516	
P62995	3	4	110957	
Q9NUL5	1	1	51342	
O00534	2	2	56339	
P00966	23	26	708094	
P00558	24	34	2792030	
Q13347	3	3	61333	
Q99963	1	1	22370	
P34896	14	18	460591	
P12235	3	3	95398	
Q9Y2Y0	1	1	8893	
O60762	4	4	36450	
P13798	13	13	213655	
Q9HD45	1	1	37827	
P62910	1	1	1364	
O00391	1	1	152999	
P36776	21	23	87777	
Q07837	2	2	48803	
Q8WV74	1	1	12056	
Q12874	2	2	25709	
O60502	2	2	182434	
Q96IJ6	2	2	68210	
Q9Y6I3	2	2	52392	
P46736	1	1	68415	
P11171	2	2	25901	
O95881	2	2	99331	
O75309	16	18	96413	
P52566	7	7	187393	
P07737	11	14	1470087	
P40855	1	1	8757	
Q4G176	7	9	174916	
Q96S52	1	1	3789	
O43676	2	2	128077	
Q969H0	1	1	33237	
O95571	2	2	52918	
P36959	1	1	4955	
O60506	7	8	159178	
Q14126	1	1	15940	
O75223	5	5	169707	
Q16891	24	31	143398	
Q9UJ70	7	8	135955	
O14791	2	2	19466	
Q4U2R8	2	2	37995	
O60256	4	4	105505	
Q15369	1	1	9395	
Q6ZVF9	1	1	29494	
P61006	1	2	41272	
P17858	14	21	426723	
P68036	6	6	81978	
Q9Y277	6	8	91303	
O75351	1	1	11571	
P53597	8	11	253347	
P05114	3	4	53478	
Q01740	7	7	138774	
Q15370	4	5	120129	
P62753	5	5	248596	
P30085	7	8	385316	
P52597	6	8	130282	
Q9H0N0	1	1	46032	
P01834	8	11	1732439	
O95436	1	1	2066	
Q86VU5	1	1	3604	
Q9NP58	1	1	394370	
Q4VC31	2	2	91618	
Q9H2M3	11	11	322813	
Q08380	9	11	86822	
Q9UEY8	9	9	64144	
O95870	1	1	16032	
Q9BY32	1	1	21027	
P20645	3	4	97978	
O95372	1	1	9329	
Q9UK22	1	1	19832	
O95400	1	1	16525	
P30048	8	10	726335	
Q13418	5	5	42447	
Q9BW30	2	2	44593	
Q9HAV7	3	3	87273	
Q15428	2	2	23980	
P39060	21	31	381135	
P60660	7	8	529628	
Q9UH65	2	2	55858	
Q15118	2	2	101455	
Q8N4P3	1	1	5894	
Q9P0J1	4	4	43864	
Q04917	8	11	295402	
Q9Y2J2	13	14	257600	
Q96PE7	1	1	40026	
Q9Y4F1	11	11	93704	
Q9H3Y8	1	1	530	
Q8IZ83	4	4	43411	
Q9NWV8	1	1	9911	
O75821	4	4	93412	
Q9UKK3	2	2	121131	
Q9BQI0	2	2	24961	
P27169	3	3	102506	
Q9Y3C8	1	1	60424	
Q92673	1	1	4613	
Q3YEC7	2	2	85347	
P27695	8	9	272548	
P14174	5	6	1320714	
P29590	6	6	91129	
P20591	5	5	55537	
P63220	2	2	77216	
Q96CW1	3	3	90871	
Q96RQ3	12	12	68116	
P52272	19	20	1166327	
Q9NZM1	29	29	407704	
Q8N8A6	1	1	887195	
Q08J23	2	2	39380	
P07919	1	1	6959	
Q8NDH3	3	3	40870	
P14406	2	2	205409	
P10155	3	3	159181	
Q9UEE9	1	1	41569	
P01611	1	1	5098	
Q9BVM4	2	2	41538	
Q9H444	5	6	56124	
Q8N6T3	1	1	6591	
P98082	10	11	420170	
P00488	17	17	150122	
Q9H8H3	2	3	213262	
Q96CM8	13	18	50711	
O14639	1	1	10238	
P60866	2	2	311302	
Q9BPX5	3	3	98210	
Q9BUR5	4	4	45762	
O14964	1	1	39665	
P54868	12	13	218299	
P18827	1	1	18070	
O15085	1	1	195033	
O00159	28	31	560136	
O14745	14	17	271236	
P04733	2	2	8503	
Q15459	4	4	101391	
Q99447	7	7	122181	
P51608	4	4	84410	
P43307	3	3	282750	
Q7Z478	1	1	8675	
Q709F0	7	7	166947	
Q9BWH2	3	3	125717	
O00330	6	6	587869	
Q9NUI1	2	2	70086	
Q92547	1	1	8188	
Q15149	170	188	443527	
P20073	8	9	165871	
Q5JTH9	1	1	6861	
Q14011	4	4	151225	
Q9Y570	2	2	90397	
O00429	11	12	72473	
Q9P2D7	1	1	354045	
Q05639	3	3	395924	
Q6IBS0	4	4	93729	
Q9P2R3	2	2	39223	
Q9BRT3	1	1	31828	
P04350	2	2	36562	
Q15067	7	7	152972	
Q6ZU35	1	1	66812	
Q8NBN7	7	8	82953	
Q9Y3D9	4	4	161049	
Q93008	2	2	24399	
Q13627	1	1	2160	
P18583	1	1	111616	
Q8ND23	1	1	10589	
Q5VYY1	1	1	14959	
Q8IV08	4	4	84484	
P17050	3	3	70091	
O75083	18	24	249631	
P01591	2	2	92361	
P16083	12	17	209042	
Q96AT9	1	1	7611	
Q8TEM1	1	1	13770	
P00338	17	22	3942920	
O60832	1	1	13185	
O75340	4	5	128314	
Q92882	2	2	101588	
Q9H0T7	2	2	146733	
P49773	4	6	338133	
P13929	1	1	36796	
Q16854	1	1	13783	
Q92845	1	1	31638	
Q2TAA2	4	4	127537	
Q9BW91	2	2	26649	
Q13098	2	2	33763	
P08183	4	4	49612	
P06396	22	31	329772	
Q6UXV4	2	3	70915	
P06702	3	3	60217	
Q9NV70	1	1	16847	
P54652	6	6	211772	
Q9H773	5	5	106160	
Q12805	2	2	44683	
P07355	6	9	1147031	
P07602	4	4	100645	
Q96EY8	2	2	79768	
P43121	6	7	85413	
P62829	2	2	119635	
Q15063	29	42	119944	
P10586	1	1	51876	
O14818	3	3	198613	
P38919	6	7	123360	
Q8NC51	4	4	43070	
Q9UI30	1	1	7271	
Q9NX40	6	9	197874	
Q5R3I4	7	7	136617	
Q16595	1	1	24048	
P55058	2	3	27447	
P00747	5	7	202663	
Q13200	12	13	93237	
Q8TAD7	1	1	3234	
P26368	4	5	167504	
P52209	10	11	132254	
P22792	2	2	107267	
Q8N465	1	1	19418	
Q13464	1	1	59429	
Q8IXM3	2	2	20692	
Q96A19	1	1	102305	
Q96EG3	1	1	31050	
P33991	1	1	4366	
Q99873	2	2	126356	
P55957	1	2	9758	
P15941	1	1	21244	
Q9Y2S7	5	5	77605	
Q9H6Z4	1	1	36608	
Q9Y6M9	3	3	65853	
Q969X1	1	1	34014	
P35221	20	22	136995	
Q92947	8	10	64083	
O75717	1	1	18701	
Q9H9S4	1	1	12646	
Q8IWE2	3	3	64197	
P46781	8	8	306185	
P01625	2	2	112387	
Q14694	1	1	35846	
O95810	9	10	171874	
O00468	25	29	344195	
Q969V6	1	1	10569	
Q99627	3	3	61247	
Q9NQC3	4	4	201431	
P05387	7	10	351127	
P02679	16	23	1487730	
Q8NCN5	6	6	121002	
Q8NFW8	3	3	31668	
Q6PGP7	1	1	12422	
P46926	5	6	244182	
Q9NTX5	7	7	88390	
P83731	3	3	241656	
Q02083	1	1	57212	
Q9P2E9	31	34	1097743	
P35659	2	2	70457	
Q9Y3A5	2	2	109832	
Q96R05	2	2	45693	
Q96AE4	7	7	170818	
Q16222	5	5	108176	
Q9UFN0	6	7	77593	
Q9NVH6	1	1	36560	
P61758	2	2	41023	
Q14847	11	11	308527	
P01861	2	3	166224	
Q16798	3	3	12280	
P03886	1	1	16597	
O14933	2	2	43038	
P31948	17	17	218357	
P47914	2	2	109326	
Q08623	1	1	14385	
P61081	3	3	100905	
Q86TI2	1	1	12740	
Q9H4A6	1	1	17608	
P20933	3	3	44501	
Q13501	4	4	34173	
P18669	6	9	765194	
P47756	8	8	261543	
P20962	5	7	402582	
P09496	4	4	291488	
P14927	6	7	452936	
P46779	3	3	102772	
O14880	1	1	13157	
P37840	3	4	72834	
Q06210	5	5	60935	
P63172	1	1	12266	
Q9NPF4	1	1	26637	
Q14978	2	2	41192	
Q99426	4	4	83187	
Q92530	3	3	65167	
O15212	3	3	60510	
P41240	2	2	38635	
Q14244	2	2	338001	
P00915	15	24	1100830	
P53999	2	2	450848	
Q96FF7	1	1	10711	
P39687	3	3	309184	
P15880	7	7	164814	
Q14767	1	1	28773	
Q9BSH4	3	3	72306	
Q562R1	3	4	5242790	
Q6UWM9	4	4	83328	
Q9ULH4	1	1	5024	
Q9NRX2	1	1	16510	
Q8N8N7	7	7	204673	
P09601	3	3	42224	
P08311	2	2	88281	
O75534	2	2	34709	
P51397	1	1	29574	
Q9NUM4	1	1	35702	
Q9BUL8	2	2	98014	
Q6UB99	1	1	376385	
P05109	1	1	13825	
P08581	1	1	12952	
Q6IN84	1	1	8494	
P82980	4	5	85507	
P33316	2	2	58654	
Q07075	7	7	77035	
Q3ZCQ8	5	5	58963	
P49593	4	4	77086	
O75191	2	2	52927	
Q9NVI7	2	2	18957	
Q8TDQ7	1	1	17303	
Q01844	2	2	68216	
Q99735	1	1	19111	
P05062	19	29	211305	
Q00577	6	7	141992	
P20472	6	6	66488	
Q8N0W3	2	2	22231	
Q14112	19	26	225775	
P10619	3	3	29197	
P05107	2	2	48637	
P35268	2	2	177177	
P13489	5	6	302271	
Q7L099	1	1	24402	
Q9BV40	2	2	73462	
Q8N1G4	8	9	123077	
P00167	5	9	794943	
Q13867	2	2	153781	
Q14117	6	8	122521	
Q53GQ0	4	4	239418	
Q14728	1	1	3417	
P30837	20	25	431166	
P02741	4	5	315578	
Q9UJZ1	12	15	133039	
Q96C90	2	2	8440	
P24311	1	1	14611	
P08473	23	25	147704	
P14618	35	54	4327230	
Q8WX93	6	6	55732	
Q05519	1	1	16226	
Q9NUP9	1	1	31341	
Q96Q06	37	39	126638	
Q7LFX5	1	1	27105	
Q9UNZ2	10	12	136056	
Q9Y399	1	1	2042	
P08572	6	7	168150	
P22830	6	7	80452	
Q9NY15	3	3	65920	
O43760	2	2	81187	
P22352	8	10	96250	
P26639	7	8	117993	
O60568	15	21	241480	
P22105	14	14	136443	
Q9NR30	1	1	8502	
Q9H993	1	1	29209	
P80748	1	1	18082	
P61970	2	2	262589	
P40939	38	51	615100	
P05093	3	3	21824	
Q9NTJ4	2	2	33590	
P12236	1	1	242177	
Q07021	9	11	182769	
Q9H8L6	6	6	55307	
Q9H0E2	6	6	119832	
Q86SX6	1	1	22712	
P06681	2	2	49757	
Q8TE77	1	1	22323	
Q6I9Y2	1	1	139511	
P59998	5	5	249243	
P04424	11	12	178834	
O14980	2	2	25088	
Q8N573	1	1	9752	
P07451	4	4	46571	
Q9Y265	9	10	152154	
P07902	1	1	25490	
Q17RC7	1	1	55423	
P23368	3	3	116556	
P16435	6	6	65241	
P82914	1	1	26282	
P26885	2	2	163352	
Q9BXN1	7	8	108024	
Q9NYK5	1	1	27038	
Q15056	3	3	130495	
Q9P015	3	3	38814	
Q8NFH5	1	1	8536	
Q9NZD4	2	2	34433	
Q6NY19	2	2	26550	
P39656	6	6	204824	
Q9UIJ7	16	19	169273	
Q9BXS5	5	5	56991	
P61163	4	7	102146	
O00244	1	1	118146	
Q93100	1	1	49103	
P19367	15	16	93739	
P07942	31	36	152094	
Q9UHX1	4	4	49205	
P14635	1	1	38252	
Q5VYK3	2	2	15761	
Q9NVJ2	4	4	87233	
P04179	18	32	335762	
Q9BZZ5	5	6	98066	
O75251	3	3	76479	
Q9NVZ3	3	3	73301	
Q9UDY2	1	1	5430	
P51178	1	1	33825	
Q9C0C9	1	1	23201	
P07357	2	2	32110	
Q09028	2	2	84751	
P53618	8	9	179921	
O60669	1	1	2849	
P27348	6	8	251541	
P48751	1	1	18439	
O75380	4	4	41067	
P21291	9	10	124605	
Q93091	1	1	23501	
Q9UBT2	1	1	44204	
Q8N0X7	1	1	8234	
Q9BUH6	1	1	36988	
Q16270	3	4	45406	
P29622	1	1	19422	
P12955	13	14	154495	
Q08AH3	6	9	158802	
O95861	2	2	98976	
Q15349	1	1	74714	
Q96FQ6	2	2	34660	
O60547	1	1	15153	
Q96KN1	5	5	87821	
P35442	5	5	60612	
Q10713	4	4	77667	
Q9NRG7	3	4	48990	
Q9NR64	1	1	14589	
Q9UBC2	3	3	30935	
P62750	3	3	153428	
Q658N2	1	1	32907	
Q13268	12	16	257792	
Q15848	1	1	15049	
Q14980	8	8	60825	
Q5RKV6	1	1	7506	
P51570	9	9	130242	
Q12905	9	9	297902	
P06331	1	1	47725	
A3KMH1	13	13	72409	
P56182	1	1	259601	
Q9ULP9	2	2	46857	
P31150	7	8	161682	
P15144	36	41	962317	
P00751	16	17	294706	
P99999	9	12	148197	
P04083	19	27	166569	
P13761	1	1	38791	
P62158	9	11	874172	
Q9BXJ9	1	1	270315	
P02511	16	25	883240	
Q96CS3	2	2	94029	
P36955	12	12	91678	
Q15119	2	2	27281	
P57764	3	3	76668	
Q6XQN6	11	11	153456	
P61960	4	5	246723	
Q9Y5B9	1	1	2992	
P49458	2	2	181481	
Q92616	19	21	105751	
P46977	1	1	80360	
P48723	1	1	13127	
Q15642	1	1	29415	
O75396	7	7	246742	
Q9BSE5	9	12	249154	
P51649	9	11	104513	
Q99471	2	2	45808	
P10768	8	10	430955	
Q9H9P8	4	4	120311	
Q6NUM9	2	2	33160	
Q9NXA8	2	2	13222	
Q8N5G0	1	1	23448	
P49321	2	2	54364	
P01877	1	1	39117	
P09467	13	19	579402	
Q16822	26	34	184275	
Q9H0R4	3	3	61953	
Q9UDX5	4	4	104388	
O43488	6	7	340004	
P37108	5	6	142477	
Q08379	1	1	13776	
Q08AM6	6	6	74695	
O43598	4	5	255440	
O15382	11	13	118592	
Q01105	8	9	375258	
Q9Y547	2	2	42054	
P01024	77	101	1092838	
P12268	5	5	94570	
P27824	16	21	618715	
Q15262	2	2	56604	
Q12768	2	2	28660	
P49821	10	11	136752	
Q9H2G2	2	2	19666	
P40925	13	16	800102	
O95777	3	3	140434	
P04843	19	20	171019	
Q8IXI1	2	2	69054	
Q9BS40	2	2	102371	
P22695	17	26	212517	
Q9HB07	2	2	41348	
Q9Y6M1	1	1	3461	
Q9UJU6	8	8	102536	
P62263	4	4	112519	
Q9H0A0	1	1	3635	
Q14192	2	2	42830	
O75911	1	1	30652	
P31946	6	9	363481	
P50416	4	4	43170	
Q5T3F8	1	1	744148	
P05141	3	3	204024	
P30566	4	4	115119	
P61769	2	2	53149	
Q14344	2	2	33881	
P60842	7	7	247892	
Q9NTG7	2	2	52178	
P00492	7	7	202599	
Q96L92	3	3	83213	
O00203	11	11	131194	
Q9BXW7	1	1	34212	
O00161	1	1	15122	
Q969G5	4	4	103455	
Q16795	10	11	121220	
P35232	16	21	968948	
P17252	4	4	72302	
P61981	8	11	359801	
B1AJZ9	2	2	127945	
Q9P2T1	1	1	117684	
P02144	2	2	26647	
O14979	3	3	109135	
P15291	1	1	19584	
Q13162	7	8	270003	
Q6PKG0	1	1	2855	
P10644	8	8	149166	
P62877	1	1	44488	
O75110	2	2	15246	
Q9NZI5	1	1	19498	
P56537	4	4	210922	
P09669	2	2	116201	
P49411	18	25	270034	
P06132	1	1	15229	
P02747	4	5	127921	
P30520	1	1	18335	
P17844	8	8	92617	
Q9Y230	9	9	166081	
Q9BWX5	1	1	45918	
P55884	8	8	84343	
P26583	2	2	69908	
Q02127	7	7	89468	
O95822	9	9	81209	
P30622	4	4	46808	
P05023	19	25	156159	
Q9BY44	1	1	21701	
P67809	5	5	15659	
P06737	14	17	286732	
O15143	5	6	87674	
Q96DG6	10	13	1416708	
P62820	6	7	83482	
Q99807	1	1	9692	
Q8N3K9	1	1	88734	
P23528	5	6	541844	
Q01432	1	1	2683	
Q8WUH6	2	2	77442	
P00367	14	19	390859	
P04207	1	1	6226	
Q9Y6R1	8	8	75759	
Q03519	1	1	21697	
Q9ULH7	1	1	494603	
P02654	3	3	124296	
P35606	14	15	93255	
Q96C23	7	8	311400	
Q6GMV3	2	2	126158	
P84085	2	2	22413	
Q93050	6	7	288002	
Q7Z7H5	1	1	22418	
O75525	2	2	160790	
Q16851	17	19	248960	
O95202	9	9	55870	
Q96KP1	2	2	120184	
P02655	3	3	143531	
P56385	4	4	273394	
P25311	7	10	105911	
P78347	3	3	38355	
P50995	14	15	218530	
Q9UKF6	1	1	31095	
P36542	13	16	245830	
P05362	7	7	127338	
Q9UPQ9	1	1	7464	
Q9C0J9	1	1	339086	
Q5T7N2	1	1	365479	
O43776	7	7	91543	
P52907	4	5	239464	
O75489	14	16	127930	
P19525	3	3	36384	
Q9UKK9	3	3	105802	
Q9BRF8	7	7	123626	
Q9H061	1	1	39498	
Q9UL46	11	15	166991	
Q92597	10	16	292678	
Q9UBX3	6	6	78585	
Q9H1C7	1	1	60436	
P34932	14	15	168137	
Q13113	2	3	74233	
Q8IVH4	2	2	129248	
P04233	3	3	124504	
Q9BWM7	5	5	52934	
P08727	20	27	211068	
P02768	49	71	16225430	
P12270	5	5	44433	
Q9H0N5	2	2	128697	
Q13510	12	13	218317	
P19440	2	2	113544	
Q15257	5	6	162543	
Q9UHD9	1	1	4834	
P26447	3	3	159980	
P23141	6	6	98070	
O00442	2	2	37030	
O76074	1	1	1588940	
Q96NB2	8	8	349507	
Q15911	2	2	653137	
Q969E2	1	1	9780	
P16662	5	6	148647	
P48556	3	3	164679	
P55209	3	4	100416	
Q13131	2	2	95058	
P04216	2	2	142124	
O15305	3	3	112796	
Q07955	7	7	305374	
Q14106	1	1	19364	
Q9UNF0	5	7	135312	
Q15819	1	1	3429	
O60469	1	1	54354	
O95817	2	2	73563	
O95674	1	1	1404	
Q9H910	2	2	66061	
O75356	8	8	60646	
Q13630	4	4	67744	
Q02818	7	7	115521	
O00560	2	2	18757	
P54920	8	8	138848	
Q9H0U4	1	1	23067	
O14936	5	5	40707	
O95352	1	1	40222	
P51688	2	2	53635	
O14787	1	1	5834	
O75643	6	6	44712	
Q9UKS6	1	1	6097	
P54687	1	1	23767	
Q9Y2R9	1	1	34522	
Q14151	1	1	42939	
P21926	3	3	114597	
Q9P0L0	2	3	245327	
Q16718	4	6	54036	
Q15691	5	6	231635	
O14579	4	4	75993	
Q9UJC5	1	1	26277	
P28676	3	3	67331	
P15559	3	3	84350	
Q13148	6	6	103165	
P02462	2	3	121378	
Q13469	1	1	28838	
P23526	13	15	413855	
O43295	1	1	39316	
Q9UM22	1	1	43830	
Q53HC9	1	1	24596	
Q99538	2	4	44256	
P02730	15	19	140172	
Q9UBV8	2	2	54918	
Q9H832	1	1	11196	
P30050	3	4	227629	
P68402	2	3	237393	
P43490	14	14	129801	
P41222	3	4	72538	
Q01658	1	1	55327	
Q9UHD2	1	1	12226	
P38646	33	43	488433	
O14737	4	5	148835	
O15173	4	4	112283	
Q8NBF2	2	2	53214	
O00763	3	3	31133	
Q9NUB1	8	8	80485	
Q14498	2	2	45496	
P30049	4	7	234660	
O75494	2	2	73069	
Q9BUT1	6	7	182082	
O60234	1	1	18803	
Q86U28	3	3	61804	
Q92542	2	2	75400	
Q9BWW8	1	1	49940	
Q7L1Q6	2	2	39012	
P35251	1	1	112616	
P11166	2	2	74292	
Q15293	9	9	251497	
O95298	1	1	56641	
O15229	1	1	20887	
Q16836	17	23	148282	
P57088	1	1	35131	
O60888	2	3	169400	
Q92841	9	9	219989	
P34949	7	7	162007	
P46063	5	5	123821	
Q15555	1	1	13195	
P09211	11	19	1364035	
Q9Y276	4	4	42640	
Q9NPJ3	3	4	143477	
Q9HDC9	10	10	140437	
P08758	19	24	1259941	
Q6UVK1	3	3	61275	
Q99424	5	5	58718	
P51665	4	5	87454	
P23246	10	10	140126	
Q96T51	2	2	11163	
P01042	7	9	713980	
P25685	4	4	122281	
Q9NP72	3	3	141116	
Q5XKP0	1	1	5392	
Q13838	3	3	130256	
P42025	4	4	59333	
O60884	6	6	81914	
Q9UKM9	5	5	156527	
Q9BXD5	4	4	36832	
P62745	1	1	11457	
Q5T6V5	2	2	43150	
Q99459	3	3	139552	
P22061	6	6	183404	
Q96C19	6	6	134767	
Q15404	10	12	172036	
Q8ND30	1	1	3299	
Q13825	7	7	242997	
P11177	13	16	96720	
Q9BX68	5	8	231538	
Q8TCT9	1	1	61711	
Q99747	2	2	31680	
Q9NQR4	9	9	294809	
P07196	1	1	6244	
Q9NR50	1	1	30299	
Q8WTV0	1	1	52536	
Q5QP74	1	1	787647	
O75964	4	5	192360	
P17152	1	1	12259	
P12429	14	15	271206	
Q96CD0	1	1	28031	
P07686	11	14	171214	
Q15286	2	2	23105	
Q01469	4	4	64482	
P07203	7	7	188546	
Q32MZ4	7	7	72283	
P62304	1	1	25714	
Q9Y2Q3	11	14	98130	
P52815	4	4	49409	
P50053	6	8	318073	
Q9BTM9	1	1	16515	
Q8NEZ5	1	1	22143	
O43747	8	9	112388	
Q13151	5	5	88212	
P30047	2	2	39493	
Q96GK7	3	4	100648	
P61421	6	6	91083	
Q16890	2	2	24858	
Q9BYE9	5	5	120686	
P15311	25	34	905228	
P02649	16	19	93593	
O75936	11	12	263761	
Q9NPB9	1	1	100511	
Q9BVA1	1	1	22258	
Q8N4H5	1	1	3253	
Q9Y2Z9	3	3	77745	
P23946	3	3	46802	
P47895	3	3	19096	
P55081	1	1	9266	
P43487	3	3	134974	
P14550	13	17	665628	
P51970	3	3	60489	
Q53GG5	1	1	33779	
P09972	9	10	755320	
P07305	7	8	249774	
P05165	31	36	280020	
Q8WZA2	1	1	15463	
Q92734	8	8	182144	
O75475	3	3	58594	
P34913	11	11	244302	
P08579	1	1	6358	
P46940	35	37	126923	
Q9H0D6	1	1	6348	
Q8N142	11	12	420459	
Q15006	1	1	6770	
P25789	6	6	383064	
P62899	3	3	144024	
Q9NQH7	1	1	53409	
P06744	21	34	1132526	
P19224	4	4	240983	
P27487	17	19	433309	
P14625	29	37	934558	
P25788	6	6	232154	
P04844	11	13	123869	
Q9UGI8	4	4	74707	
Q96NG3	1	1	95222	
O00533	1	1	59949	
P22087	3	4	160762	
P48449	1	1	12068	
Q12906	12	14	238453	
Q9UJ68	5	5	109668	
P61009	3	3	85957	
O43390	5	5	148094	
P49903	1	1	13330	
Q9GZS3	2	2	34213	
P01598	1	1	62107	
Q8IWW8	1	1	35443	
P49748	33	39	229081	
Q96IZ0	1	1	6077	
P61160	8	9	164426	
Q9BYD3	3	3	59873	
Q9H078	3	3	49852	
Q9BXK5	6	6	34840	
P54578	7	7	203654	
P08603	7	8	165659	
Q96PU8	2	2	88520	
A0MZ66	1	1	17588	
P19404	6	7	91925	
Q9Y5J6	1	1	1294	
P60228	5	5	157411	
P27449	1	1	47709	
P06730	3	3	46989	
Q8NE86	3	3	93168	
Q9Y5Y6	1	1	79605	
Q15833	2	3	29203	
P62857	5	5	252210	
P16422	1	1	12650	
P02786	8	8	71520	
Q9Y584	1	1	47657	
Q27J81	6	6	41545	
P43243	12	13	111151	
Q9C040	5	5	84081	
Q92538	1	1	7464	
P0C0L4	2	2	104771	
Q9NZL4	1	1	25315	
Q9Y597	1	1	3705	
Q96EY7	2	2	81782	
P24821	43	54	183338	
Q9Y6Y8	5	5	61873	
O95865	8	10	282584	
Q9BXX0	2	2	40733	
Q8N5M1	5	5	66056	
Q9HC38	9	10	295691	
Q13217	2	2	46598	
Q13185	3	3	108718	
Q9UPN3	1	1	18036	
P67775	1	1	15001	
Q70UQ0	6	6	128485	
Q9BZF9	1	1	8171	
P18754	1	1	32472	
P52594	1	1	30418	
O95831	28	34	220087	
P15104	2	2	48663	
P05413	7	9	902821	
Q9BRQ6	1	1	1000	
Q9NRV9	7	9	117839	
O60656	1	2	69590	
Q5HYI8	2	2	175820	
P32969	4	5	154184	
Q15717	7	7	117417	
P28062	4	5	252855	
Q14008	1	1	8338	
P02750	8	9	200713	
O94925	16	18	146353	
P55290	4	4	131993	
P07099	11	11	150213	
Q16864	6	8	208245	
P11940	1	1	395257	
Q14061	1	1	20087	
Q92552	6	6	34164	
Q9Y6K5	1	1	18316	
Q9Y2T3	22	26	145705	
P19022	1	1	10663	
Q13884	6	7	104337	
Q9BTZ2	2	2	84136	
P26440	13	15	343296	
P05090	4	4	202210	
Q9NQ50	1	1	13566	
Q14258	3	3	31274	
Q15036	1	1	29181	
Q9H3P7	1	1	9435	
P62266	5	5	88589	
P31942	6	8	128723	
P33151	1	1	6281	
Q9BWD1	2	2	96968	
Q9UI08	1	1	2088	
P23919	2	2	76562	
P78344	1	1	12016	
Q9H553	1	1	26079	
Q9Y624	2	2	43212	
Q8IW45	3	3	81647	
P35222	8	8	89640	
Q9BSA4	1	1	98903	
O95786	1	1	10462	
P01781	2	2	167740	
Q13561	12	14	245626	
Q99439	2	3	39415	
Q969I3	4	4	45239	
Q8NFD5	1	1	19894	
P48444	9	10	154086	
O75674	1	1	32911	
O95222	1	1	8887	
Q99653	2	2	78696	
Q99685	3	4	85415	
Q9Y2R0	3	3	59277	
P22059	6	6	90266	
Q14155	1	1	353504	
P46782	4	4	65827	
Q96RP9	6	6	122076	
Q00765	3	4	185238	
P09525	28	39	1719054	
P54619	4	4	122542	
O75438	1	1	36707	
P49247	1	1	100642	
P24539	15	19	359765	
Q9NNW7	7	7	65738	
P49720	3	5	229132	
Q8NCW6	1	1	18087	
Q9Y5Z4	6	6	182434	
O60613	1	1	11473	
O95232	1	1	17104	
Q15493	1	1	8195	
Q96EL3	1	1	6289	
O00217	5	5	93050	
Q8N0X4	11	11	210181	
P49590	2	2	41579	
P33992	1	1	16394	
Q9BQG0	1	1	22526	
Q6JQN1	5	5	28963	
Q96F07	1	1	353907	
P51648	7	8	87198	
Q02878	11	14	281519	
Q13596	6	6	90094	
P43155	9	9	149332	
P19827	13	15	565190	
P33240	2	2	164819	
Q14019	8	9	294217	
Q96BW5	7	7	170575	
P01619	1	1	65905	
Q9P2J5	14	14	86375	
Q96PK6	2	2	45507	
P48426	1	1	9664	
Q8ND07	1	1	13235	
P10109	2	2	67929	
Q9NZ08	7	7	113448	
Q13084	1	1	4847	
O15400	3	3	76177	
P43897	5	5	69269	
Q99729	3	3	147007	
Q9H477	5	5	135044	
O76070	3	3	77467	
P31937	12	16	207311	
P63173	3	3	165905	
P61086	1	1	50243	
P31947	1	1	46000	
P04632	6	7	275251	
P10636	9	11	161995	
P12074	2	4	69198	
Q3LXA3	18	25	110966	
P51398	2	2	34715	
P41250	9	10	80406	
Q86Y56	1	1	7624	
Q9NPH2	5	5	426424	
P24158	3	3	76148	
P30043	8	10	353893	
Q8N5N7	4	4	108485	
Q9Y2Z0	2	2	75675	
Q8IY17	1	1	41901	
P62280	4	4	619126	
Q13976	1	1	2317	
Q9UHG3	12	14	199765	
P00738	10	13	1695215	
P78417	9	9	352263	
O75844	1	1	4262	
P46776	2	2	262271	
P08236	5	5	67780	
O75880	3	3	125722	
P07384	20	20	253620	
P08397	1	1	3851	
Q14956	4	4	36158	
Q13425	1	1	23546	
Q96QF0	1	1	13419	
O00264	5	5	381397	
Q16587	1	1	213764	
P55769	3	4	284418	
Q86TI0	1	1	1432	
Q9BXR0	1	1	41635	
Q9NSE4	18	19	139269	
Q15031	3	3	66821	
Q96T76	1	1	2657	
Q9UQ90	1	1	18167	
O14874	2	2	53385	
O43237	7	7	97328	
P50148	1	1	6565	
P08575	1	1	32741	
P39210	1	1	6345	
P13671	3	4	90682	
P07911	12	13	184171	
Q9BSH5	6	7	174694	
P09668	4	5	224526	
Q9Y4G6	8	8	75331	
Q13188	1	1	7195	
Q9H4G0	7	7	93279	
Q9Y619	3	3	31335	
Q9GZP8	1	1	20601	
P23434	1	1	54723	
O00479	1	1	19606	
Q96IX5	3	3	50011	
O43708	1	1	6462	
O75521	9	11	108648	
P82664	1	1	29324	
P82933	1	1	20771	
O94903	4	4	184383	
Q9NSY0	2	2	22307	
Q15435	6	7	157438	
P08865	9	11	337279	
Q10567	13	13	466705	
O94826	6	7	177356	
P54802	4	4	33814	
O60902	1	1	260384	
P25398	2	2	191886	
O95373	1	1	38369	
Q8NC56	2	2	19990	
Q8WWY3	1	1	25920	
Q96M27	4	5	61559	
Q8TD55	2	2	45162	
P09914	1	1	40561	
P62913	2	3	199840	
P20810	5	5	176338	
Q6UWR7	3	3	78337	
Q8WW52	3	4	84443	
P61225	1	1	15656	
P53992	5	5	27124	
P14314	10	10	212962	
O00748	11	15	224263	
P23378	6	6	97514	
Q96Q11	1	1	18710	
Q9Y281	1	2	52970	
P05156	4	4	80100	
P26640	11	11	76249	
O00469	17	21	100128	
Q15185	3	3	272830	
Q8NBF6	1	1	54387	
P56556	4	4	68893	
Q8WTS1	1	1	24911	
P09110	10	12	48129	
Q15327	1	1	9111	
P36873	2	2	41629	
Q9UHQ9	4	4	116469	
P00352	24	35	1248439	
P04406	31	48	5938500	
P27635	1	1	21248	
P55327	9	11	99075	
O14975	6	6	103213	
Q15582	20	27	98964	
P45954	13	18	108381	
Q92900	3	3	39483	
O00754	2	2	29527	
P07108	5	8	143989	
P11766	11	16	480020	
P35813	2	2	59444	
P27105	6	6	57045	
P50570	3	3	273831	
P12110	17	20	452797	
Q9Y6C9	6	8	113065	
Q02928	5	5	58017	
Q9BW92	3	3	99928	
P20774	10	12	140731	
P68371	2	2	876255	
Q07866	1	1	18334	
Q00839	11	14	367767	
O15061	1	1	13260	
Q9BQA1	1	1	42725	
Q9NQW7	6	6	85297	
Q92665	1	1	12931	
P46109	2	2	110317	
O14529	1	1	55469	
Q93009	3	3	38567	
P56181	1	1	28286	
Q96F10	1	1	77306	
Q15027	1	1	37261	
P05546	7	7	122751	
P26373	7	7	173433	
Q00169	1	1	48654	
Q9Y237	1	1	11166	
P05230	1	1	10429	
Q05469	11	11	257424	
P49419	23	28	677861	
O76038	9	10	527143	
P50395	15	17	537714	
P21283	11	13	90381	
Q08257	19	27	1331752	
P51161	3	3	51270	
Q9H2A2	5	6	36464	
P13010	15	16	338998	
O95182	3	3	73656	
P62241	5	5	105342	
Q14573	1	1	8554	
Q99436	3	3	174128	