prot	pepSeqNum	tgNum	guot_L130410_035_SW			
Q9UBE0	2	2	41740			
Q9BSJ8	11	12	49679			
P02656	3	4	61353			
O95741	1	1	4166			
P09651	4	7	108752			
P55809	13	17	155383			
Q15631	3	3	94063			
Q96EY1	5	6	113301			
Q16706	6	6	23083			
Q9UID3	1	1	3620			
O14548	3	4	91263			
O95164	1	1	15510			
P54710	2	2	21035			
P22570	15	20	525775			
P80723	6	6	9669			
P41252	12	12	141595			
O60443	1	1	26339			
P01019	6	9	78503			
Q86VP6	20	20	189568			
O43865	1	1	113386			
P05388	5	7	149264			
P21980	14	18	151578			
Q8N5J2	2	2	75264			
P17948	3	3	47264			
P07741	6	7	457100			
Q96EK6	2	3	30180			
Q9H3S7	1	1	8554			
P50990	22	23	165200			
Q14315	1	1	96839			
P14868	18	19	296116			
P29992	4	4	64640			
Q9NYF8	2	2	36606			
Q9UBN7	3	3	60699			
P00325	6	10	105742			
O75264	1	2	42682			
O76041	1	1	17285			
P03952	1	1	15480			
P16870	1	1	27733			
P49327	64	70	229003			
P17096	1	1	24001			
Q15029	7	7	104582			
O43570	7	9	63667			
P50453	5	5	84843			
P08123	8	9	140672			
Q9Y6I9	1	1	6670			
Q9BQ69	2	2	73727			
O15460	5	5	44491			
Q9UK45	1	1	33100			
Q07812	2	2	60948			
P07093	7	7	185799			
Q49A88	1	1	4983			
Q8IZQ5	1	1	49217			
Q16181	12	14	131189			
O43583	1	1	17352			
Q96BI1	1	1	15451			
Q8IV36	1	1	30261			
P01876	3	4	138275			
Q6IPR1	1	1	17234			
P00451	1	1	3380			
O00764	6	8	65077			
Q6L8Q7	2	2	36397			
P49257	6	7	120875			
Q9Y3E1	1	1	14752			
Q9H3Y0	1	1	11108			
P35241	7	8	136140			
P00403	7	7	345286			
O75533	7	7	170359			
O75947	10	13	486522			
Q9C002	1	1	11248			
P84157	3	3	14359			
Q63HN8	16	16	103649			
Q08426	32	36	147530			
Q9NRK6	1	1	15967			
P00441	4	5	118495			
P16144	1	1	19476			
P51148	6	6	54917			
O60925	1	1	35013			
P01714	1	1	7123			
Q9UII2	2	2	7923			
O75306	5	7	60048			
P51687	12	15	160643			
P51571	3	3	34615			
P31040	15	19	540247			
P17174	20	27	461369			
P56470	13	19	88003			
Q9Y2H6	1	1	168438			
Q8NI08	1	1	3067			
Q9UNM6	5	5	91985			
P09874	9	9	141010			
Q9NVH1	4	4	38328			
Q99832	11	11	120907			
P02452	8	8	82849			
Q5JTV8	4	4	121483			
O15127	2	3	67897			
Q8TBP6	1	1	4039			
Q99460	7	7	74540			
O75390	16	18	588806			
P48507	1	1	26188			
Q9BRP8	2	2	14182			
Q9Y291	1	1	31593			
P61247	7	8	197557			
Q08174	1	1	14305			
Q8N392	5	5	53174			
P22033	10	10	118487			
Q9HD67	1	1	8296			
A6ND91	2	2	121162			
P49591	5	5	121676			
P49585	1	1	38581			
Q12931	19	22	297606			
Q53GI3	1	1	60575			
Q8TBC4	1	1	31485			
Q9H3K2	1	1	44055			
Q15427	1	1	7279			
P42765	19	26	410894			
Q9UJ83	1	1	421870			
Q8NBX0	6	6	120153			
Q96LJ7	1	1	6344			
Q12929	4	4	56684			
P02748	13	14	123493			
P10253	15	16	179627			
P51149	10	12	195062			
Q8IVF2	12	12	517056			
Q01995	18	19	53989			
O00338	1	1	11455			
Q4KMP7	1	1	60995			
Q9BUQ8	1	1	8470			
Q96HN2	2	2	93579			
P11413	12	13	87472			
Q8IYB8	1	1	13459			
Q969H8	4	4	95857			
Q9BV20	4	4	55883			
Q07020	4	4	124983			
P04181	9	10	130409			
Q5SSJ5	7	8	75528			
Q15437	4	4	52799			
Q8TEK3	1	1	59183			
P55036	2	2	43788			
Q53FZ2	9	9	93867			
P84243	1	1	800			
O43813	5	5	102996			
P35558	20	23	205651			
Q9UBF2	1	1	1994			
P42704	52	63	186358			
O95292	2	2	88647			
O94905	6	7	73686			
O43895	6	6	118527			
P62312	2	2	46449			
P02765	3	3	84885			
Q9H2W6	4	4	58818			
Q9Y5P6	1	1	70521			
P06756	8	8	63415			
P55735	2	2	91417			
Q8NBQ5	7	7	45301			
P13674	8	8	92628			
O14966	1	1	69883			
P55285	6	6	178060			
Q9BPX6	1	1	710			
O43852	12	14	254628			
P53041	1	1	20624			
Q14254	8	8	99703			
Q08431	1	1	32896			
O00483	4	5	167837			
Q92522	4	4	63606			
Q96B36	1	1	28792			
P51606	4	4	64555			
P00505	31	37	780364			
Q9ULC4	1	1	4136			
P27694	4	4	63032			
P05198	6	6	136966			
Q92499	12	12	239136			
P98160	68	93	606072			
P55268	30	34	204538			
Q9HAT2	7	8	182367			
P08185	3	3	76868			
O60763	18	19	178675			
Q13564	2	2	38660			
P05026	7	10	125783			
Q13586	4	4	33722			
P05455	10	10	158739			
P17516	1	1	33955			
O94906	4	4	70874			
P04271	1	1	13767			
Q96FN4	1	1	10921			
O95379	1	1	3263			
O96019	2	2	35822			
Q2M389	1	1	1182			
Q99715	44	46	210277			
P51991	10	13	86553			
Q9H1K1	1	1	268601			
P08195	9	10	157525			
Q9H008	4	4	64091			
P32929	3	3	63087			
P04217	10	14	216632			
P43686	6	6	23269			
Q9BQI9	1	1	5114			
Q96G23	1	1	26026			
Q5SYB0	1	1	188367			
P48637	20	23	752876			
Q9UGV2	1	1	35043			
P00533	2	2	45756			
P63208	4	5	170389			
P63010	9	9	228976			
Q9UMS0	1	1	31462			
P02549	25	26	110382			
Q9H3Z4	1	1	19712			
P21589	3	4	88112			
A6NL28	3	4	113485			
P04004	7	10	353992			
P31323	4	4	31107			
Q9UJW0	1	1	22164			
Q9NR31	3	4	102230			
P28074	2	3	75658			
O95479	2	2	52783			
O94979	11	11	121484			
Q00610	50	62	285730			
Q9UN86	2	2	105707			
Q6AWC2	1	1	121434			
Q9BZQ8	1	1	14970			
Q9NRL2	1	1	36656			
Q6P1X6	2	2	73623			
P12956	24	29	296448			
P29144	3	3	38394			
P11217	1	1	18379			
Q14157	1	1	5927			
P49441	1	1	9651			
O96009	3	3	100492			
Q06124	1	1	17666			
Q8WXD9	1	1	13397			
Q14449	7	7	128858			
Q4V328	2	2	38488			
Q92626	10	10	71461			
Q10570	2	2	176806			
O43670	1	1	31459			
O43175	8	8	145491			
O75874	20	23	190957			
Q9HCH0	1	1	6484			
P36871	25	28	334209			
O75569	2	2	34169			
P69891	1	1	43994			
Q8NE71	2	2	15892			
P60174	19	29	1974511			
Q16531	14	14	87120			
Q08209	1	1	247584			
P11172	1	1	18695			
Q53RD9	1	1	84776			
Q14376	2	2	215559			
P38159	3	3	173349			
P08559	9	9	365866			
Q5JRX3	10	10	59626			
Q9Y2S2	12	14	196377			
O75367	7	9	277183			
P37802	13	16	204330			
O00303	7	8	354732			
P51610	1	1	16280			
O75369	75	90	267253			
O75608	5	6	207822			
Q8TCD5	4	4	60060			
Q9HAU5	1	1	115631			
P98095	4	4	34414			
P10643	6	7	68303			
O94855	2	2	40034			
P11021	35	54	477351			
Q96CP2	1	1	17317			
P01833	10	10	182037			
Q96AC1	7	8	75660			
P16219	15	17	162633			
Q9HB40	5	6	95781			
O60240	25	28	115423			
Q92598	9	9	66665			
P55157	4	4	28465			
Q9BUP3	6	6	92584			
P60981	3	4	44294			
Q6UB98	1	1	18748			
P16401	4	4	210055			
Q86X76	2	2	116833			
Q16775	7	7	123757			
P29536	1	1	9208			
P24310	2	2	38662			
Q86WU2	9	11	171157			
Q9NZJ7	3	3	41397			
Q04446	9	9	63980			
Q68CK6	8	11	66280			
Q9BXF6	2	2	19229			
P48728	1	1	11683			
Q99611	1	1	29267			
O43504	1	1	106926			
Q96AB3	7	10	113907			
P10809	48	66	1031906			
Q04837	6	8	143481			
Q15363	2	2	25491			
O43493	2	2	6007			
Q8NE62	12	13	141593			
Q9BY66	1	1	37583			
Q9HAC7	2	2	50627			
P18206	54	60	262479			
Q8NEY4	10	10	113094			
Q96BS2	1	1	16326			
P38117	14	17	378101			
O15260	2	2	45376			
Q8WXX7	1	1	20283			
O94808	1	1	12225			
Q96FZ7	1	1	13738			
P22732	1	1	68331			
Q9UF12	7	10	89528			
P05783	37	51	1857108			
P08133	27	34	456188			
O00232	3	3	23579			
P84090	1	1	16920			
Q8IUR0	1	1	79423			
P15374	4	4	46104			
P47985	2	4	100002			
Q9Y6U3	17	19	148396			
P13796	17	19	76557			
P51812	1	1	12517			
P41732	1	1	1280			
P40306	3	4	43023			
P55072	29	34	290226			
P20339	1	1	20845			
Q99829	7	7	165843			
Q9NYU2	13	13	124833			
P31949	4	5	365513			
P02753	3	3	57476			
Q9Y285	2	2	28019			
Q12907	4	4	67137			
Q5VWZ2	6	6	115734			
Q04941	1	1	39865			
Q96I59	3	3	62705			
P08648	1	1	13254			
Q7L5N7	1	1	130832			
P62136	3	3	110345			
Q14766	1	1	59684			
Q7L014	2	2	39593			
Q9UQ80	11	12	132765			
Q9UNL2	1	1	12540			
Q8WUM4	17	20	163267			
O60313	13	13	91999			
P49908	1	1	640			
O95428	2	2	33241			
Q14914	12	15	159253			
O00499	4	4	76711			
Q8TB37	1	1	3026			
Q03154	26	34	194454			
Q5TC12	1	1	34124			
Q9Y287	1	1	2883			
Q9BX66	12	12	80318			
Q14974	10	13	115614			
O43399	10	12	240372			
Q7LBR1	1	1	42243			
P04792	21	32	1262872			
Q9NPA8	1	1	22098			
Q9Y2D5	2	2	45109			
O14732	4	4	203093			
P55795	2	3	275742			
Q14894	8	8	84691			
Q96FW1	6	7	122964			
Q6WKZ4	1	1	8841			
Q969Z3	3	4	82004			
P01824	1	1	37880			
P02760	3	3	104241			
P18077	3	4	134928			
Q96DC8	9	10	63396			
P41218	1	1	17840			
P36578	10	10	226062			
P00746	1	1	21271			
Q15046	7	7	59109			
Q9BRX8	4	4	93225			
P25787	8	10	86220			
P34059	2	2	24178			
O95302	2	2	80065			
O43837	6	7	62498			
P00734	3	4	70624			
P63241	3	4	46156			
P50851	12	12	520385			
O15320	1	1	6098			
P25940	1	1	45119			
Q86YH6	5	5	44468			
Q8HWS3	1	1	21669			
P22392	1	2	66461			
Q96ER9	1	1	8152			
P63096	1	2	53583			
Q9NUQ6	2	2	27871			
O95816	2	2	71190			
Q12959	6	6	133414			
O43182	2	2	24184			
P07360	3	3	85741			
P00918	13	18	382047			
P02461	1	1	11837			
Q9UJY5	1	1	5880			
P36404	1	1	30739			
Q8IUZ5	3	3	65504			
Q6UX06	6	6	62448			
P13866	2	2	18712			
Q9NX14	2	2	36214			
P82663	1	1	19420			
O60869	1	1	72837			
P16949	3	3	120944			
Q9UI12	13	15	93262			
Q9BVJ7	3	3	74712			
Q92688	2	2	44430			
P49023	1	1	5347			
P28065	3	3	75877			
P23588	8	9	119288			
Q9NP92	1	1	4151			
O14773	5	9	549901			
Q96DA6	1	1	27092			
P00846	1	1	54208			
P35244	1	1	38767			
P82909	5	7	91816			
Q93099	9	11	113601			
Q9H446	1	1	51638			
P35237	7	9	206468			
P26641	15	18	280313			
Q5VUM1	1	1	9137			
Q695T7	2	2	44304			
P32322	1	1	19205			
Q8NFU3	4	4	191944			
O14879	1	1	12471			
P13647	2	2	61175			
P02774	10	11	166085			
Q9ULV4	7	7	95165			
Q96DB5	4	5	77554			
Q01459	2	2	123965			
Q96RQ1	1	1	5261			
P00450	27	37	191219			
Q15800	1	1	2156			
Q96NL6	1	1	14756			
O14832	3	3	36679			
P20674	8	12	395930			
P10301	2	2	33092			
P55145	2	2	77853			
Q9Y608	1	1	7791			
Q9UHK6	12	16	479841			
O75150	1	1	13135			
Q9Y673	1	1	32221			
O43143	7	7	172115			
P48539	1	1	85388			
Q53H12	2	2	26370			
Q5T619	1	1	9303			
P06454	5	8	119212			
P49588	15	15	302475			
Q92506	5	5	151999			
Q9NRX4	3	5	120083			
Q7L523	1	1	2212			
O75506	1	1	2657			
Q9NZU0	2	2	51840			
P32119	10	12	1010050			
P23786	15	15	88059			
P55042	1	1	39840			
O14841	4	4	66054			
Q13228	25	27	102873			
Q9C0E2	1	1	53574			
Q9H3S4	1	1	69865			
O95169	1	1	18070			
Q9Y4L1	14	17	138266			
Q7RTV0	1	1	17386			
Q99622	1	1	5551			
P78540	9	11	51690			
Q14152	10	12	45062			
O14558	5	5	49008			
P13987	1	1	51372			
Q9H1A3	1	1	19516			
Q9UL12	8	9	119158			
P50895	7	7	86822			
P15289	5	6	40614			
P63279	1	1	94979			
P98164	58	68	475245			
P62701	3	3	76098			
P00387	8	10	116196			
P50238	1	1	50129			
P16104	1	1	7703			
Q5XKE5	1	1	519448			
Q9H1E3	1	1	76306			
O15230	42	49	397067			
Q99684	1	1	62121			
Q7L3T8	1	1	14043			
Q9BSD7	2	2	14114			
P22102	6	6	167801			
O95758	1	1	37828			
O00592	3	3	51524			
Q09666	130	142	694916			
Q9HCC0	16	20	187724			
P07339	18	25	917735			
P17655	16	17	303581			
P04839	1	1	5380			
Q07065	18	19	127229			
Q6PCB0	11	17	108066			
Q9P016	1	1	9945			
Q15102	4	4	163711			
Q6ZXV5	1	1	6861			
Q96AY3	6	6	47792			
Q14566	2	2	27781			
P01608	1	1	72006			
P05787	34	44	1476183			
Q16625	1	1	67224			
Q13085	1	1	16280			
P16278	10	10	227970			
Q13442	3	3	88843			
P35658	1	1	1691			
Q9GZZ1	1	1	51097			
Q13177	2	2	47330			
Q8TAQ2	1	1	160573			
Q9HBL7	2	2	39704			
Q9ULZ2	1	1	2412			
P67870	1	1	25281			
Q14240	4	4	147935			
Q14444	4	4	59898			
O95793	1	1	14979			
Q8IZR5	1	1	7920			
Q08945	1	1	48964			
Q00688	4	4	114175			
P30711	5	7	188972			
Q96DN5	1	1	23722			
Q16698	13	17	360730			
Q99536	13	15	577890			
O00743	1	1	42208			
Q02790	5	6	140169			
Q13428	1	1	14238			
P31146	7	7	76140			
Q8WXH0	7	7	57988			
Q9BYC9	1	1	15206			
Q99797	2	2	83622			
P61026	5	6	72855			
Q16555	15	19	479290			
O00299	11	12	286977			
Q9Y305	5	5	95448			
Q63ZY3	3	3	32993			
Q8NFZ0	1	1	33497			
O75937	2	2	29800			
Q13823	1	1	38498			
P46777	3	4	117072			
Q8N8Y2	10	12	354633			
P68400	1	1	15825			
O00487	3	3	68347			
Q9NXG2	2	2	125992			
Q9C0E8	1	1	9362			
P08237	16	16	129920			
Q7Z3D6	9	10	164328			
Q99614	1	1	27921			
P46783	3	3	131418			
Q9UDW1	2	2	79882			
Q92945	10	11	249720			
O95562	1	1	10251			
Q9Y5K6	5	5	71153			
P21964	2	2	23691			
Q9NZA1	2	2	11672			
P00540	1	1	2794590			
P07910	7	9	270549			
Q13363	5	5	103973			
O75131	5	5	116920			
O43426	1	1	280963			
O43301	10	10	294689			
P45381	4	4	48388			
O94919	1	1	18372			
P40763	2	2	10409			
P11233	1	1	36187			
Q99490	1	1	169163			
P09327	19	20	126493			
Q8N335	4	4	124161			
Q13310	3	3	90185			
P62847	2	2	38211			
O15394	1	1	33579			
P05164	1	1	9753			
P08637	1	1	15794			
P04066	6	6	59901			
Q92896	1	1	17333			
O14786	2	2	26141			
P0CW27	1	1	53731			
P10153	2	2	17289			
Q9NVT9	1	1	18625			
O60701	16	18	143606			
P31639	1	1	1875			
P55196	1	1	26308			
Q9UBD6	3	3	20300			
Q9UKV3	1	1	3651			
Q9UGT4	2	2	10795			
Q6P2Q9	4	4	530268			
O60841	1	1	18052			
P15954	2	3	13624			
P12277	17	27	726785			
Q53EU6	4	4	40480			
P01857	5	7	952559			
P08670	51	77	3275340			
Q9Y295	3	3	36455			
P11310	19	25	412855			
P01137	1	1	9571			
O95872	1	1	27817			
Q13724	5	6	45159			
P60900	5	6	70647			
P15090	5	7	82785			
Q9Y5M8	1	1	18953			
P23381	11	15	116745			
P54577	9	9	104008			
Q9Y3B8	3	3	84022			
P07585	10	12	103418			
Q9NZQ9	1	1	132640			
Q96AG4	7	7	122647			
Q9UJS0	14	16	300904			
Q9BV79	2	2	69787			
P06748	10	16	287076			
P21266	5	7	75810			
P61088	2	4	81139			
P54725	2	3	23456			
B9A064	1	1	142922			
Q16643	3	3	39142			
Q96TA1	7	8	151094			
P49406	3	3	58538			
Q8TAT6	3	3	26518			
Q9NR45	4	4	220841			
P30626	6	7	197263			
Q9NUJ1	10	14	145895			
Q99733	7	7	69845			
Q9NVS9	5	6	177773			
P00740	7	9	257998			
Q9BTU6	1	1	6609			
Q99417	2	2	25074			
P62993	3	3	109519			
P16070	2	2	43493			
Q9NZL9	4	4	142659			
Q00013	1	1	17757			
P28838	29	33	242361			
O00142	1	1	52841			
P41227	1	1	6064			
Q08752	1	1	30036			
Q9UN37	3	3	76079			
P35573	5	5	70164			
P30533	6	6	119031			
O43678	3	4	103321			
P62140	2	2	68732			
Q9BRG1	1	1	79397			
Q15654	1	1	9738			
Q9BVL4	1	1	9982			
P04434	1	1	6938			
Q5TBA9	1	1	3028			
Q9UHJ6	1	1	19930			
Q7Z4H8	1	1	1601			
P07711	3	3	29058			
Q8WXF1	3	3	68215			
P38606	30	42	215225			
Q9BY49	5	5	78807			
O43795	4	4	69377			
O95989	1	1	31310			
Q15599	3	3	43876			
Q9H0A8	1	1	11955			
Q8TB22	4	4	73432			
P06733	32	48	2496860			
O75629	1	1	16915			
Q15366	4	4	285887			
Q8N1F8	1	1	28580			
P50914	3	4	201744			
Q07507	1	1	31817			
Q9Y4P3	2	2	26615			
P09960	16	18	123223			
A0FGR8	3	3	44117			
P80303	2	2	22134			
P08962	1	1	5583			
Q56VL3	2	2	48668			
Q96SU4	1	1	29271			
Q00341	11	11	104258			
P02787	29	40	660734			
P10909	10	12	758208			
Q9H1J5	1	1	95548			
Q8N4T8	4	4	75965			
P23284	12	14	399493			
Q14558	1	1	21073			
Q969Z0	1	1	26481			
Q14657	1	1	4247			
P04433	1	1	81324			
Q9UBX5	2	2	41488			
P49756	3	3	64877			
P51911	4	4	30362			
P46952	6	6	128480			
Q9NUV9	2	2	19312			
Q9NZW5	3	3	42874			
Q96IU4	7	10	440845			
P29692	9	10	273576			
Q07960	12	15	121428			
P13716	5	6	100255			
P05166	19	25	404009			
Q15628	2	2	16827			
Q14562	1	1	16338			
O43242	10	10	69386			
O75439	3	3	78552			
P10451	4	4	38811			
Q14118	3	3	138116			
P11047	28	36	607756			
P25205	5	5	34013			
A0AVT1	11	11	76088			
Q15388	1	1	24701			
Q16762	7	10	325332			
Q6PI48	8	8	118200			
Q14624	22	24	130087			
O15439	7	7	57441			
P98179	4	5	41086			
Q9NX63	5	5	155603			
Q9UI09	6	6	93760			
Q75V66	1	1	50730			
Q9P0Z9	4	4	18575			
P82970	2	2	31973			
Q6RW13	1	1	4166			
P05556	11	11	152437			
O15144	9	12	263280			
Q96QZ7	1	1	2300			
P22897	1	1	31725			
P61966	1	1	4665			
O43920	2	2	84880			
Q12955	12	12	74918			
Q15393	11	12	211120			
O60885	1	1	45634			
Q02880	1	1	21220			
P48739	1	1	17053			
P52788	3	3	74745			
P29966	9	12	63874			
P35613	5	5	167837			
O95954	13	16	173679			
P55263	3	4	91407			
Q9BYV1	10	11	83068			
Q8TEA8	2	2	41982			
P02763	7	12	160361			
Q9NXU5	3	3	49178			
P49721	7	7	96426			
Q99714	13	19	344438			
P13861	9	9	117885			
P30405	6	6	101900			
Q6VY07	2	2	6403			
P35219	1	1	34505			
Q03252	19	19	209429			
P26196	5	5	90050			
Q08495	6	6	43676			
P39748	1	1	49480			
O75208	7	7	337603			
P19971	16	20	100730			
P09543	3	3	127654			
O00231	6	6	78376			
P01031	19	19	164889			
P01699	1	1	33309			
O95433	2	2	83251			
Q15233	5	6	94365			
P30046	2	2	244438			
Q9Y5X3	8	9	68808			
P46976	4	4	97678			
P49736	2	2	18124			
Q02487	1	1	18765			
O15247	1	1	4936			
Q13938	3	3	74087			
P61916	2	2	92871			
Q9BS92	4	4	45353			
Q96BQ5	1	1	16523			
Q8TF65	2	3	49990			
Q8NBJ7	3	3	100465			
Q5D862	1	1	15017			
P30038	25	33	132003			
O43681	3	4	120201			
P40227	9	10	139634			
Q6P1M3	2	2	26999			
P49368	12	13	171115			
P50135	5	5	146953			
P11277	23	23	114122			
Q9UBQ7	8	10	185289			
O00116	1	1	18814			
P19623	2	2	80346			
O95295	1	1	28540			
Q8IZF2	1	1	2211			
Q16629	5	5	152100			
Q13277	1	1	10843			
P04196	7	8	109881			
P47736	2	2	7627			
P26038	33	41	633133			
Q8WUY1	1	1	32748			
Q9Y6N9	1	1	23732			
Q96QK1	16	17	245717			
Q86UE4	8	8	41387			
A0AV96	3	3	24253			
Q13409	7	7	103244			
Q15287	1	1	8612			
P02675	24	33	421311			
Q96A26	4	4	125405			
P08574	2	4	134404			
Q13283	4	4	44302			
O60308	1	1	82822			
P62851	5	5	314625			
O15145	4	4	167548			
Q9NZR1	1	1	46982			
P19823	19	23	220482			
P62854	1	2	9346			
Q9Y371	4	4	51914			
Q07666	3	3	149269			
O60285	1	1	76857			
Q00325	12	13	215788			
Q9Y303	2	2	108387			
P10599	4	5	1191374			
Q9H098	1	1	16014			
Q9NR28	3	3	112476			
Q5EBL8	2	2	147580			
P53621	23	23	167390			
Q9Y224	7	7	50936			
O76003	6	6	106183			
Q96DI7	1	1	19778			
P09429	3	5	72608			
O75832	1	1	24231			
O60493	4	4	81030			
P35914	5	6	87620			
Q86XW9	1	1	68750			
Q9NTK5	6	6	131550			
Q9H2D6	2	2	62534			
Q9NX18	1	1	42484			
Q9ULA0	4	4	76780			
P53370	1	1	290935			
Q9Y5K8	9	9	160404			
P05997	1	1	10177			
O15126	5	5	41549			
Q15436	2	2	41354			
P21953	2	2	4458			
Q9Y266	4	4	79088			
Q02318	5	5	79463			
Q9NR12	3	3	48878			
P61604	9	12	1639800			
P02647	19	29	473042			
P40121	13	16	165524			
Q5HYK3	1	1	3612			
P28066	7	7	89459			
Q9UBI6	2	3	84015			
Q16401	8	9	110857			
C9J6K1	1	1	33001			
P53004	7	7	224397			
P11142	19	24	815148			
Q9Y2E5	3	3	27991			
Q9H479	5	5	74617			
Q15651	1	1	1743			
Q969V3	1	1	15899			
P28906	1	1	661			
P61923	4	4	75683			
P08754	1	1	11214			
Q13423	34	41	249029			
Q9Y315	1	1	6635			
Q6UW68	1	1	17629			
P47755	5	6	128569			
P11216	26	32	306697			
O43674	2	2	54668			
Q9UGM6	2	2	62728			
O43819	2	2	65530			
P55010	3	3	33370			
Q8WUP2	1	1	69618			
Q16527	3	3	21384			
Q6YP21	1	1	20601			
Q9NP61	1	1	9085			
Q9H5X1	1	1	16064			
Q53FA7	3	3	64970			
Q9BUJ2	4	4	50489			
O43707	42	56	466326			
Q9NZB2	6	6	48872			
P15088	4	4	232415			
Q93052	5	6	119451			
Q01813	23	26	205729			
Q02952	20	22	89792			
P28482	5	6	160849			
O14681	1	1	157887			
Q96BT1	1	1	16426			
P06703	3	3	493603			
Q9UBW8	1	1	1000			
P48506	1	1	12769			
P54886	8	9	67538			
P04899	4	4	40401			
P46778	1	2	47647			
O60437	4	4	56764			
P22314	36	48	385122			
Q9Y2W1	1	1	8610			
P19801	10	11	109996			
Q86XP3	1	1	49684			
Q96FV2	3	4	114099			
Q7Z3U7	1	1	3302			
O14556	1	1	114853			
Q9NX24	1	1	34949			
P62424	6	7	149201			
Q03164	1	1	41606			
O75822	1	1	39260			
A6NCI4	2	2	17349			
A2VDF0	1	1	1322			
P05543	2	2	80991			
P16885	38	39	177319			
P02766	11	17	126618			
Q7Z406	1	1	25859			
Q9H5V8	1	1	41778			
O14957	1	1	24573			
Q16363	24	25	260223			
P15848	2	2	26536			
P51858	10	11	616218			
Q9Y2B0	4	5	61466			
P01011	14	17	210354			
O60825	1	1	30327			
P52306	3	3	42045			
Q9H4M9	6	6	63518			
Q9NS69	2	2	24643			
P20700	14	14	123633			
P02489	6	7	143260			
P18031	3	3	119813			
P30153	13	15	197990			
P10606	9	12	551041			
P50440	28	38	447343			
P35749	37	43	97632			
P35754	4	6	167745			
P32455	6	6	283376			
Q9UHE5	2	3	62825			
Q14166	4	4	121228			
O00233	3	3	71423			
Q9Y4W6	9	9	112769			
P62306	1	1	2737			
P00439	12	12	100681			
Q9UNN8	1	1	36018			
O15083	1	1	62174			
P37235	2	2	25237			
P05091	22	31	895693			
Q0VAM2	1	1	24573			
O43615	7	7	106930			
P13073	10	11	440749			
P67936	8	10	151353			
Q86TX2	1	2	23142			
P06727	24	28	162210			
P51452	6	7	187842			
P63000	1	1	39703			
P16452	5	5	127198			
O00410	6	6	84334			
Q9UPZ6	1	1	25168			
P62826	6	7	720295			
P20711	15	18	202567			
B7Z1M9	1	1	59931			
P18085	4	4	58136			
Q1EHB4	2	2	25176			
P53634	5	5	324460			
Q9BU61	2	2	69250			
Q8WZ55	3	3	76385			
Q13683	3	3	200017			
Q99541	16	21	177351			
Q86XE5	7	8	98601			
Q86WA6	8	10	118443			
P21796	18	24	457827			
Q15075	9	9	130251			
Q96I15	1	1	35841			
P50454	12	18	156701			
O14744	1	2	150447			
Q92599	3	3	43989			
Q2TB90	11	11	109205			
Q8N357	1	1	45220			
P32189	1	1	25815			
Q12765	5	6	89915			
Q9HBH1	2	2	117832			
Q8WWC4	3	3	97377			
Q13232	4	4	129373			
P43304	13	14	118725			
Q92544	1	1	9794			
P30740	15	19	134749			
Q9NWH7	1	1	10041			
P00326	1	3	9665			
P28161	2	2	13255			
P62633	3	3	31443			
P16284	4	4	63578			
O00584	4	4	147613			
Q9Y646	5	5	137969			
P13645	15	17	137705			
Q9H3R0	1	1	73278			
Q9BUF5	5	5	32846			
Q96HR9	2	2	27159			
Q9Y2H5	1	1	15979			
P62333	5	5	64818			
O95163	1	1	22909			
P26006	4	4	71356			
Q9NPE2	1	1	112596			
P23229	8	8	137447			
Q8WUW1	1	1	26639			
Q9H6R3	14	14	140898			
P30039	15	19	150272			
P53680	1	1	80841			
Q9BX97	2	2	19156			
O95340	1	1	32481			
Q15637	5	5	44688			
Q9NPL8	2	2	12365			
P49354	1	1	1397			
P27216	1	1	9622			
P46459	11	11	149513			
P02794	11	16	131542			
O43464	6	6	148631			
P53367	5	5	53238			
Q5T4S7	3	3	58229			
P25786	10	10	162811			
O60936	6	7	33855			
Q96HE7	7	7	77229			
Q6NZI2	9	12	358216			
Q9NVD7	4	4	30237			
P13611	12	13	108134			
Q14697	33	42	361911			
P08294	6	7	106872			
P12111	104	131	258846			
P07437	5	8	409424			
Q6FI81	4	4	103729			
Q86UT6	1	1	32790			
O94760	9	11	424927			
P52735	1	1	11104			
Q9H299	3	3	76987			
O14617	6	6	48284			
P50552	5	5	37263			
Q14141	1	1	5508			
P49589	1	1	35314			
O75368	6	7	115596			
Q8N3V7	3	3	12399			
P62330	2	3	106186			
P16444	7	8	122119			
Q7Z434	3	3	32389			
P30044	10	15	944542			
Q53GS9	1	1	1604			
P01621	1	1	86795			
Q13621	6	6	68433			
P12081	4	4	130202			
P31277	1	1	25513			
P58107	13	16	179463			
Q7Z2W9	1	1	23379			
P04075	23	35	1747657			
P02743	9	11	82578			
Q9NQG5	5	5	117539			
Q5VW32	2	2	31827			
P13807	6	6	83629			
Q16540	1	1	14660			
P15170	1	1	39616			
Q93062	2	2	43959			
Q9Y6W5	1	1	29551			
Q12849	3	4	39219			
Q9UMY4	1	1	29125			
Q13315	1	1	40595			
P61353	1	1	49756			
P62277	4	5	148921			
Q9NWV4	1	1	7377			
Q02252	28	37	358936			
Q96H20	1	1	46408			
P00568	4	4	148828			
Q13242	1	1	62053			
P62191	4	4	74282			
P45974	18	19	152742			
Q9BZK7	1	1	12507			
Q86Y39	2	3	65692			
P84098	4	5	122998			
Q9BYT8	4	4	62247			
P14317	2	2	48717			
O00476	1	1	14484			
O15067	6	6	107778			
P62318	2	2	119001			
Q9UMS4	6	6	97885			
P25815	1	1	810			
Q9H8Y8	3	3	49494			
Q5ST30	1	1	11454			
Q14554	5	5	140860			
Q9UHB6	12	12	125668			
Q15019	8	12	125166			
Q63HM1	1	1	7641			
P18428	3	4	43329			
P35270	8	11	226150			
O96008	2	2	32772			
Q9BYD1	2	2	126135			
P07858	7	10	250727			
P80217	1	1	55953			
P52565	7	8	229649			
Q01081	2	2	88144			
P21281	14	17	198903			
P28331	20	25	144769			
Q9BZF1	1	1	23922			
Q9Y696	10	12	242735			
P35998	9	9	141613			
O75970	1	1	74660			
P47897	9	9	99384			
Q96GD0	1	1	7441			
P08519	1	1	10124			
O75165	2	2	20498			
Q99766	2	2	52088			
P11182	9	9	269495			
P52434	1	1	4863			
P07237	33	42	289639			
P62269	6	7	237704			
P61106	13	15	153133			
Q9H6Q4	1	1	25748			
P27708	5	5	67437			
Q9H4B4	1	1	19324			
P37198	2	2	27571			
P50213	7	8	200582			
Q9UBI1	2	2	35451			
Q9Y3Z3	16	16	128473			
Q86Y82	4	4	64010			
Q9UBQ0	4	5	75656			
Q03135	5	5	81138			
P01009	30	48	2378010			
Q9Y3E0	1	1	11099			
Q9BXJ7	3	3	61658			
Q8N655	1	1	18124			
O43169	2	2	28781			
P12830	5	8	55642			
P07195	14	17	2073915			
P12814	19	24	130942			
Q05707	34	35	138837			
O60673	1	1	79798			
P22307	8	8	136960			
Q04637	11	11	132561			
Q9BTV4	3	3	87533			
P09622	14	15	247226			
P48047	13	16	616888			
Q1KMD3	10	10	100757			
Q9H0W9	7	11	190863			
Q14204	74	77	264898			
Q02338	5	5	113817			
Q16134	12	13	100834			
Q16774	2	2	40455			
Q15904	5	5	126606			
Q96IY4	1	1	41418			
Q01415	2	2	77520			
P25774	4	4	63644			
P36957	13	15	649897			
P78357	1	1	145993			
P15924	4	4	182404			
P68366	3	4	138938			
Q5HYA8	1	1	10612			
P51572	4	5	91834			
O00401	1	1	5817			
O60610	1	1	14454			
Q9H9B4	10	10	160553			
Q13356	1	1	21109			
P07814	15	15	139597			
P04114	59	60	197653			
Q16853	7	8	147303			
Q15417	6	6	75734			
P35637	3	3	115850			
Q14195	2	2	31450			
Q9Y3D2	2	2	87720			
Q96EP5	2	2	27342			
Q9UEW8	2	2	6761			
P29728	1	1	5462			
P06576	42	64	1531023			
O75935	2	2	80608			
O00170	2	2	98769			
O43765	2	2	38826			
Q99584	4	5	91491			
P36551	1	1	30056			
Q10471	3	3	42119			
Q9UDR5	7	8	70039			
Q9UNE7	3	3	77882			
P31431	1	1	34263			
Q8N1F7	3	3	43254			
Q96HS1	2	2	49526			
Q14651	8	9	200220			
P12532	6	6	79661			
O75955	5	5	89810			
Q9GZM7	7	9	1441000			
Q9NUQ9	5	5	48791			
Q9HB71	3	3	86966			
P35580	38	45	163964			
Q9GZZ9	2	2	35407			
Q9Y6B6	1	1	31703			
Q9UJW2	8	9	97607			
P24752	23	34	2183540			
Q8WZ42	1	1	110500			
Q9BRA2	3	3	126474			
O96007	1	1	9067			
Q9Y3B3	2	2	34442			
Q9HCJ6	2	3	42388			
Q96HC4	7	8	63747			
P01860	2	2	69225			
Q9ULZ3	7	7	40721			
P54136	9	9	88021			
P06753	4	6	279256			
Q8NF91	2	2	39383			
P54819	15	20	788826			
Q9UNH7	2	2	53434			
Q9BV38	1	1	26122			
Q53SF7	4	4	106348			
P51659	16	17	149112			
P78527	28	28	974961			
Q9HCH5	1	1	9896			
O95336	9	10	214331			
Q5JU85	1	1	11880			
P04264	24	26	235713			
Q9NP97	1	1	24041			
P15153	2	2	53423			
Q00796	9	10	143952			
Q92820	9	13	92752			
Q15274	5	6	167553			
Q8WVY7	1	1	10295			
P08238	11	15	478704			
Q5TDH0	3	3	30135			
Q9UN36	5	5	81938			
P13797	11	12	54357			
O94886	1	1	12535			
Q5TEZ5	1	1	44382			
Q9HBJ8	1	1	5351			
Q9UIQ6	3	3	26798			
Q9BR76	4	4	83266			
Q86W92	1	1	65358			
P31930	16	20	329604			
A0AVI2	1	1	203039			
Q06323	11	12	257983			
Q9BVG4	4	4	177711			
P31939	20	22	193069			
Q969X5	8	8	114829			
P30041	17	23	997251			
P50993	1	1	10027			
P11234	3	3	56684			
O75347	6	6	160847			
P63104	9	14	747593			
Q14247	10	10	181718			
P82979	1	1	27120			
Q96LD4	1	1	1080			
Q99798	40	61	814433			
P19338	22	23	418070			
P20290	1	1	33028			
P20618	7	7	277969			
Q6P179	1	1	17180			
Q92817	3	3	283023			
P57105	3	3	100686			
P48735	19	25	222647			
O76094	4	4	65107			
P23297	1	2	19773			
P02671	30	41	143040			
P61158	7	7	243401			
P60953	4	6	76374			
P80365	5	6	30164			
P62861	2	2	226643			
P56199	3	3	52106			
O75436	5	5	100509			
Q96LB4	2	2	18815			
Q9GZT3	5	6	104194			
Q8NFV4	10	13	199014			
P37837	14	14	445814			
P17987	15	18	154214			
Q96C86	4	5	60727			
P35908	15	16	151685			
Q9Y2R5	1	1	17831			
Q96CG8	2	2	107216			
P62195	9	9	68276			
Q9Y6N5	13	13	177644			
O15372	4	4	66552			
Q9UHD8	13	13	168739			
P05452	1	2	15523			
P51884	13	17	265374			
P13284	1	2	27705			
P42285	2	2	113825			
Q9BVK6	2	2	41853			
Q9H223	11	11	57236			
P51801	3	5	24943			
Q15907	2	3	89800			
Q01449	1	1	4729			
Q6P4A8	6	6	62160			
Q8N370	1	1	4506			
O95154	7	10	213591			
P0DJI8	3	4	136883			
P09234	1	1	17524			
Q00059	3	3	96574			
P62937	10	13	775223			
Q96JB5	1	1	2804			
Q6ZWH5	1	1	17306			
Q9BWS9	1	1	14993			
P15121	16	21	312331			
Q13263	8	8	132411			
P61978	14	19	485195			
Q5VWJ9	1	1	4156			
Q07157	6	6	55278			
P62249	8	8	158212			
Q9H6R7	1	1	51010			
Q10589	1	1	37150			
Q14116	2	2	54573			
Q9H3K6	1	1	51708			
O95394	4	4	47854			
Q86UW7	1	1	344524			
Q9ULD0	22	25	185915			
P62917	2	2	240600			
Q13011	13	14	582335			
Q9NR19	9	10	292630			
P83916	1	1	15286			
Q9UBR2	4	4	71955			
Q8WWM9	1	1	24838			
P17931	8	13	261527			
Q8TBX8	1	1	19314			
O75923	2	2	34950			
P04003	3	3	53171			
P48681	15	16	247086			
P49915	3	3	91518			
O15533	4	4	29558			
P27338	10	13	92737			
P53990	4	4	75155			
P46939	4	4	50156			
Q9UHB9	3	3	70663			
Q9UKL6	1	1	46705			
Q9BQ61	2	2	24723			
P0C0L5	3	3	61079			
Q96S37	1	1	35818			
P21810	13	20	203875			
Q8IXM2	1	1	30880			
O95834	6	6	99741			
P61019	5	6	56367			
Q8N8R3	1	1	21888			
Q9P0V9	2	2	23177			
Q8TB96	1	1	7977			
Q92572	1	1	31902			
Q8TCS8	6	6	92434			
Q8NI60	2	2	34810			
Q8TDX5	1	1	15256			
O75663	1	1	20301			
Q08170	4	4	89965			
Q9Y263	1	1	2992			
P42766	1	1	95158			
Q969T9	1	1	26410			
Q13057	9	10	170086			
P02652	7	8	231026			
Q12802	2	2	76752			
O95168	3	4	89609			
P62888	2	2	168461			
P40616	2	2	36926			
P78324	1	1	3462			
P36969	5	5	122858			
Q8N766	3	3	61027			
O43684	2	2	35625			
P20042	3	3	61410			
Q9NXE8	1	1	67869			
Q9Y5L4	2	2	91465			
P54727	6	7	163033			
Q15120	2	2	34526			
A6NDB9	2	2	31189			
P17568	1	1	16550			
Q9NZN4	18	20	195617			
Q96M32	1	1	142941			
O60343	4	4	39372			
P19320	2	2	21326			
Q9H9J2	1	1	5178			
P37231	1	1	295273			
Q8NHP8	1	1	33392			
Q9NQ48	1	1	22954			
Q99623	18	22	599256			
Q9Y490	60	77	253703			
Q8WWV3	1	1	2182			
P00491	14	16	285910			
O95757	6	6	88470			
Q03426	1	1	36487			
P35680	2	2	15350			
P21399	26	31	185946			
Q96CX2	14	17	327180			
P13591	1	1	14051			
Q92905	5	5	50217			
Q9Y617	9	9	85222			
P31689	5	5	65461			
Q99543	1	1	5036			
P15586	4	4	84367			
Q96G03	11	13	133761			
P62314	2	3	119067			
O75348	2	2	26981			
P29034	1	1	25621			
P01903	3	4	88448			
Q53FT3	1	1	8508			
Q9P273	1	1	31350			
Q9NZT2	1	1	10524			
Q6IQ23	1	1	40507			
Q9UM54	9	9	84232			
Q8TC12	3	3	182123			
P09871	4	4	77267			
P53396	28	32	182582			
P05154	6	6	52416			
Q6UB35	1	1	23665			
P34897	17	20	319343			
P39019	8	9	152825			
O75781	3	3	237766			
P61313	4	4	212000			
Q9H4L7	1	1	13009			
O43396	6	6	140759			
P16671	6	8	64938			
Q96GA7	3	3	50503			
P09210	2	2	98378			
Q9UEU0	3	3	39002			
O94973	9	11	53956			
P81605	1	1	21109			
P63244	10	11	264817			
P08493	1	1	14232			
P14324	5	5	68535			
Q9Y678	13	15	73529			
P52789	3	3	43764			
Q9NRX3	3	3	46430			
P12694	11	13	81078			
Q96CN7	3	3	92330			
Q9Y2Q9	2	2	91998			
O95747	5	5	65885			
Q8NFF5	2	2	22302			
P07148	6	7	33449			
P08729	25	30	593820			
P68871	12	23	8679550			
P58546	3	4	184090			
O14907	1	1	32106			
P55083	2	2	22409			
P05067	3	3	150435			
O95219	1	1	10271			
P33176	9	9	153959			
P02790	12	14	577751			
P17900	4	5	69718			
P05386	2	3	225855			
P49006	1	1	13687			
P02545	45	53	476035			
Q658Y4	1	1	2656			
Q9UHY7	3	3	59161			
Q9NSK0	1	1	11560			
Q6E0U4	1	1	11526			
Q96HY7	7	7	98849			
P09936	5	6	135136			
Q16650	1	1	37098			
P04062	1	1	11153			
Q13509	2	3	100457			
Q9NX58	1	1	8305			
P25391	53	58	748396			
P24844	3	4	119474			
P18621	3	4	126119			
O15347	2	2	158018			
Q9NVA2	7	9	95957			
Q96PD5	1	1	1959			
O00567	4	4	72402			
Q5T6J7	1	1	8532			
Q9NRN7	1	1	21763			
Q13642	2	2	498945			
Q9Y2Q5	3	3	55467			
O94819	1	1	12910			
O76021	1	1	10847			
P01891	1	1	18864			
P62273	2	2	48225			
Q13576	32	33	47519			
P10412	1	1	9395			
Q5T2T1	3	3	29005			
Q05682	21	22	127335			
P24298	1	1	47047			
Q9HBH5	3	3	56748			
P33121	20	23	332964			
Q9Y5S9	2	2	41322			
P21333	84	115	162480			
P62805	10	13	3558892			
Q8WUK0	1	1	3503			
O00115	2	2	58622			
P04080	3	5	250398			
O15027	2	2	15425			
P08697	5	5	54381			
O00515	5	5	44645			
Q15526	2	2	40344			
P30086	11	20	1310801			
Q9BZE1	1	1	7282			
O15195	1	1	99831			
P50336	5	6	51315			
Q9BYD6	3	3	36286			
P17813	1	1	2989			
P48643	12	14	253593			
Q92930	1	1	13838			
Q9Y3D6	3	3	49415			
Q9UMX5	1	1	104089			
Q8WUI4	1	1	241538			
P49755	4	5	45399			
P52943	4	5	96619			
P35579	92	125	242106			
Q9NTJ5	4	4	31587			
Q9P032	1	1	8878			
P07951	3	5	61105			
Q96DH6	2	2	45298			
P36405	5	5	91938			
Q9BPW8	10	14	145447			
Q8NEZ3	1	2	168494			
P28330	3	3	58343			
P24666	3	3	263251			
Q9H4A4	9	10	117811			
Q04760	8	9	228169			
P29972	1	2	76993			
Q13247	1	1	59876			
P21695	20	25	189858			
Q15418	1	1	30088			
Q9C005	1	1	15241			
Q9BT09	2	2	42898			
P02788	11	11	98495			
O14828	2	2	24884			
Q8TBA6	1	1	400530			
O75431	3	4	112118			
P30419	3	3	40396			
Q9NYL9	7	9	69932			
O00571	5	5	42670			
P41091	1	1	23479			
Q9NZD2	4	4	162839			
P09382	5	5	259874			
P55786	12	14	238307			
Q01085	1	1	39739			
Q9BUP0	3	4	34077			
P00390	15	21	268377			
P49189	11	13	308968			
P62714	1	1	15253			
A1L0T0	2	2	19511			
P42224	16	17	529708			
O60488	1	1	8771			
Q7LG56	3	3	28257			
Q9H3G5	5	5	206959			
P57737	3	3	21882			
P27797	19	23	153310			
Q9Y478	2	2	13846			
P35542	2	2	45879			
O43181	4	4	84178			
Q02543	3	3	69255			
O95782	3	3	29848			
P07738	4	4	71334			
Q9H173	2	2	18061			
Q02218	21	25	172975			
Q6P4F2	1	1	16695			
Q96P70	2	2	27001			
Q16881	7	7	136111			
P38571	1	1	37097			
Q15084	14	19	208466			
P62906	3	3	90925			
P09493	9	10	225704			
Q15942	6	6	81407			
Q9UHL4	9	11	90037			
Q9Y3B7	3	3	47425			
P01764	1	1	28926			
P01040	1	1	17092			
O95347	1	1	340			
P36269	5	5	46967			
Q7Z2W4	2	2	21382			
P19652	5	7	59671			
Q6PEY1	1	1	25410			
Q9Y512	4	4	686856			
Q9UHV9	3	3	91625			
Q13451	8	8	75782			
P62495	6	6	167007			
P14543	28	32	392279			
Q14789	1	1	5941			
Q92621	1	1	2078			
Q08211	21	23	115879			
Q86TU7	2	2	9121			
P69905	17	38	5417879			
Q9H2H8	1	1	26472			
P31513	1	1	9941			
P07900	15	19	475537			
P62244	4	4	136026			
Q9UBU9	1	1	48183			
Q96M96	1	1	14100			
Q92747	1	1	63010			
Q709C8	5	5	33959			
P04275	16	17	78627			
O60664	15	19	97118			
Q9Y6C2	11	11	373563			
P40261	7	10	97943			
Q6IB77	14	16	150647			
O00186	1	1	31907			
Q16186	1	1	5724			
Q53H82	5	5	84289			
Q9P253	1	1	3590			
Q8IX12	2	2	332599			
Q16773	1	1	14405			
Q16666	5	5	45014			
P30101	29	42	366907			
A6NDG6	1	1	49743			
Q15165	5	7	35316			
P00736	1	1	10773			
O15244	1	1	8611			
P06865	9	10	79243			
Q9NQP4	1	1	36686			
P28072	3	3	129001			
P05155	10	11	123129			
Q8IYQ7	1	1	11961			
Q9UQB8	1	1	16971			
Q8NF37	2	2	10975			
P13639	22	28	717587			
O75146	3	3	56198			
Q6P587	7	10	197101			
Q9BTE6	2	2	28693			
Q86U42	1	1	88306			
Q99816	2	2	36442			
Q8WVM8	3	3	28181			
O60218	5	5	90960			
Q6NVY1	16	20	142482			
Q14108	6	7	105600			
Q6P996	3	3	31916			
Q9C0B1	2	2	74260			
Q07954	7	7	29616			
P45973	1	1	26960			
Q9H3N1	1	1	19186			
Q9Y6G9	1	1	7997			
P46087	1	1	119431			
P00748	2	2	62422			
Q9BYF1	2	2	29761			
Q15847	3	4	222987			
Q01082	94	117	272779			
P61457	2	2	156393			
Q96JY6	7	8	52853			
O43491	7	7	70591			
O15399	1	1	41822			
Q96QR8	2	2	40517			
P05162	2	3	45910			
O94874	9	9	66628			
Q15382	1	1	30852			
Q9UBS4	2	3	38277			
Q8IUX7	2	2	32778			
P16112	1	1	9367			
P01008	18	23	274591			
P28332	6	6	110848			
Q9NWS8	1	1	11612			
P02751	54	67	192960			
Q13765	3	4	102206			
P12821	8	9	57163			
Q9P260	1	1	9101			
O75746	8	9	207107			
Q13045	8	8	107726			
Q8WW12	2	2	37938			
O14974	3	3	79084			
Q13813	124	144	262091			
Q8IUD2	1	1	9690			
O95721	2	2	40616			
P22626	17	23	803899			
P78371	22	24	210571			
P50402	1	1	5633			
P16157	16	16	93798			
Q15365	5	6	482281			
Q8IXI2	1	1	142169			
P40926	18	23	1020295			
O60716	14	14	131791			
P02792	11	17	186487			
Q9HC35	6	6	123989			
O14949	3	4	51145			
P01023	49	62	215231			
Q14203	11	11	198039			
Q9HB20	1	1	8413			
P30084	14	20	265788			
Q14160	3	3	111159			
P09104	8	13	176316			
O43617	2	2	84145			
P51580	3	3	71657			
P60033	1	1	32002			
Q13492	9	10	64276			
P30273	3	3	24738			
O60494	21	26	80452			
Q0VF96	1	1	14557			
Q16543	5	6	99907			
O00148	1	1	5682			
P62258	16	23	698864			
Q6YN16	11	13	181017			
O00422	1	1	29869			
P43080	1	1	18405			
P51798	1	1	21360			
Q5VZ46	1	1	6027			
Q15424	1	1	41912			
P78330	2	2	71098			
Q9BXP5	4	4	61985			
Q495M3	2	2	10978			
Q9Y2Z4	3	3	25226			
P16930	13	15	102411			
O94788	8	8	88057			
P28070	4	4	180467			
Q8N163	6	6	140074			
Q9Y5X1	4	4	68649			
Q9H2U2	11	16	226124			
P06280	2	2	39315			
O15014	1	1	21960			
P51888	12	16	115149			
P14780	1	1	2005			
P11279	6	8	120563			
Q5VIR6	2	2	18222			
Q9NT62	2	2	34040			
Q9BTW9	2	2	34222			
Q02809	7	7	64178			
P61201	3	3	29600			
O15020	18	19	160689			
P22676	2	2	56100			
P22234	10	13	127124			
Q9P0J0	3	3	51511			
P21397	17	19	120235			
P16615	4	4	39665			
Q01518	16	21	311555			
Q9HAB8	2	2	44905			
Q5JPH6	2	2	50600			
P09497	3	3	50996			
P55084	25	30	706713			
Q92973	3	3	53394			
Q9NQX3	3	3	43870			
P50479	2	2	53739			
P14920	3	3	75217			
Q9UKG1	3	3	16382			
Q32P28	4	4	43763			
P48147	1	2	39194			
P32754	11	13	78050			
Q06830	12	15	1012627			
Q7L5N1	2	2	59954			
O75891	26	30	146459			
Q9BT78	5	5	109700			
Q13126	3	4	57672			
O60749	11	12	198028			
Q14764	37	47	260583			
P02042	9	14	565500			
Q9HCB6	8	9	286275			
P42574	1	1	18808			
Q7L576	6	6	106760			
Q6IAA8	5	5	90005			
Q92575	1	1	14131			
P29401	22	31	658924			
P11215	1	1	18439			
P63098	1	1	27175			
Q8IVM0	1	1	9513			
P17540	8	8	171731			
Q15018	1	1	222709			
O15540	5	5	76440			
P84103	6	6	239121			
P06133	1	1	12000			
Q5T2W1	9	11	117539			
Q99757	1	1	54478			
Q93088	19	27	103331			
Q9Y6D6	1	1	8529			
P61626	5	5	94060			
O95967	2	2	36345			
O60220	2	2	67185			
Q9Y606	2	2	209248			
Q8IXB1	1	1	9249			
O00151	10	10	267272			
Q9NZ45	3	4	130675			
P30040	8	9	144249			
Q9UHA4	2	2	99994			
Q8NBJ5	8	9	131711			
Q16658	11	11	79047			
P49407	2	2	16009			
Q8WW59	8	8	135250			
O94875	2	2	36313			
Q6NV75	1	1	292156			
Q15126	3	3	49117			
Q9NYQ3	4	4	122848			
Q9Y259	1	1	11831			
P14854	3	3	199119			
P07954	18	23	162933			
P27482	3	3	101187			
O15511	3	3	189153			
Q02750	1	1	5541			
P49753	1	1	2773			
Q9UNS2	1	1	21130			
Q9HCF6	1	1	34445			
P27816	20	20	151884			
Q15746	7	7	69942			
Q8N6H7	1	1	9137			
Q6UW63	1	1	21916			
Q9NX46	2	2	77494			
P10515	14	15	264591			
P23142	5	5	64932			
P15428	1	1	22058			
Q96I99	21	23	460929			
Q9Y697	2	2	44083			
O43324	2	2	60365			
Q9H9F9	1	1	26875			
Q12904	7	7	102915			
Q86VN1	2	2	275033			
P51553	1	1	20301			
Q8IVS2	1	1	13814			
Q86UY8	1	1	19277			
P39023	3	3	285394			
Q8WTX9	1	1	74683			
P18859	9	11	266625			
A4D1P6	1	1	46373			
Q9BQE5	8	9	69038			
Q9UBG0	1	1	2897			
P14866	10	11	137359			
P00797	1	1	6368			
P01717	1	2	32968			
Q9H1E5	1	1	9155			
Q8WWI1	8	8	46943			
O95563	1	1	22558			
O43294	2	2	59248			
P63151	2	2	62822			
P46108	3	3	57173			
P55008	3	3	43472			
Q14683	2	2	79374			
P05937	15	21	131611			
Q16719	1	1	8020			
Q86UP2	29	29	137258			
Q7KZF4	25	29	291104			
Q9H845	10	11	79122			
Q9BS26	4	4	101772			
A6NNA5	1	1	61443			
P04211	1	1	25862			
Q9HBL0	19	20	96613			
Q9H7C9	3	3	90716			
Q9H269	1	1	8856			
P43034	5	6	64246			
Q13505	4	4	42454			
P08263	1	1	63365			
Q9H6S3	9	10	239341			
P80404	15	20	145815			
P50897	4	4	83971			
Q9NY33	8	8	138360			
P39059	9	10	69188			
Q9NQT8	10	10	72612			
P42677	1	1	16749			
P25705	36	52	2911890			
Q9UL25	4	4	115902			
Q9NWU1	2	2	21871			
Q5T440	3	4	34740			
Q9Y262	4	4	50229			
P55265	4	4	39915			
Q96C00	1	1	50041			
Q02978	17	18	349455			
Q9NV96	1	1	16654			
P32456	1	1	79755			
Q99598	1	1	3487			
Q9P2K5	2	2	56138			
O95299	10	11	104148			
Q9H4G4	1	1	5933			
Q15181	10	15	210826			
P46821	8	9	53325			
Q9Y3F4	5	5	93302			
Q5VXI9	1	1	60608			
P05186	2	2	16188			
P31943	3	3	76679			
O95167	2	2	16335			
P35611	9	10	124720			
O75323	7	8	152657			
Q14165	4	4	70854			
Q9UGB7	3	3	92327			
P23083	1	1	10455			
Q8TD19	1	1	34027			
P62310	1	1	95703			
Q9UKU7	5	5	67895			
P13693	3	3	51424			
Q8N4Q0	1	1	5588			
Q9Y3A6	1	1	23411			
P13667	31	36	229122			
P35080	4	5	96308			
Q9P2F5	1	1	23983			
Q9UH62	1	1	25083			
Q8WXI4	1	1	38958			
Q12797	11	13	64660			
Q15121	2	3	34311			
Q15843	3	4	142096			
Q71UM5	1	2	73129			
Q9H307	1	1	21820			
Q00056	1	1	1477790			
Q6UXS9	1	1	292340			
P27144	15	22	294421			
O43815	1	1	21632			
Q92890	1	1	35122			
P17980	7	9	103237			
Q96CM4	1	1	32546			
Q05397	1	1	67212			
P61221	4	4	55690			
O75884	3	3	82024			
Q6PIU2	7	9	96154			
Q86YB7	5	6	49575			
Q7Z6Z7	5	5	30636			
O00154	4	4	73727			
Q7L266	2	2	97738			
P11498	41	49	172203			
Q9GZT8	2	2	41289			
P12931	1	1	35140			
P21912	11	13	140038			
O14618	2	2	88221			
P49959	1	1	9401			
Q5T447	1	1	56014			
Q9P035	2	2	25847			
P82650	3	3	40135			
P50747	1	1	29232			
P02746	2	2	36365			
P13473	3	3	79491			
O75531	1	1	79248			
P29218	4	4	107897			
Q9BQ52	1	1	7999			
Q16630	2	2	59694			
Q16740	2	2	24056			
P42330	4	4	50203			
P30042	7	10	268045			
O43809	4	4	61455			
Q13435	3	3	72002			
Q5JTJ3	1	1	84095			
P09132	1	1	1233			
Q13526	1	1	88389			
Q99497	10	11	328406			
Q9BTT0	1	1	67428			
Q8NHG7	1	1	26025			
O00757	2	2	42684			
P16152	13	15	344219			
P23193	4	4	278364			
P51690	1	1	28121			
Q13404	1	1	4233			
P62942	3	4	553971			
Q7L0Y3	3	3	78265			
O60784	4	4	39063			
Q01433	1	1	17358			
O94986	1	1	488405			
Q7Z4W1	6	6	429778			
P83111	3	3	81366			
P29350	3	3	41828			
Q92520	1	1	5091			
P56192	2	2	54603			
P08571	3	5	38629			
P02749	3	3	65154			
Q8WXX5	1	1	23815			
Q6DD88	1	1	10741			
P55060	7	7	127596			
P34931	1	1	42031			
P42785	4	4	208424			
P60903	3	4	853213			
Q9UIA9	1	1	22773			
P09661	3	3	86701			
Q12792	6	7	44142			
P14923	7	7	41961			
Q9P2R7	10	11	256501			
P31153	6	7	176240			
P18124	8	10	237483			
O96000	3	3	69318			
P60510	1	1	22005			
Q8IYU8	2	2	32189			
P08107	13	19	449595			
P15531	4	5	232748			
Q9NSD9	7	7	91993			
Q9Y2X3	7	7	114662			
Q93083	1	1	701			
Q03518	5	5	27333			
O60826	3	3	61603			
P56134	3	3	116870			
P53007	4	4	91878			
P35527	14	14	185932			
Q9H6V9	1	1	17249			
Q15008	1	1	19001			
P00739	2	2	18328			
P36543	8	9	105283			
Q9NRZ7	2	2	35618			
Q9ULC6	2	2	18958			
P55789	1	1	5992			
P12644	1	1	114585			
P49914	1	1	13555			
Q06278	8	8	187685			
Q9UKY7	2	2	25018			
P61586	1	1	2261			
P61289	4	4	61341			
Q8NBS9	12	12	93347			
Q9Y2V2	3	4	115974			
P25325	9	9	228480			
Q06033	5	6	87620			
Q9Y376	5	5	39794			
P49789	3	4	73205			
Q9Y4K1	5	5	36267			
Q9HBG4	22	23	79373			
Q9Y3I0	8	8	167407			
Q8IZP0	1	1	9962			
P42126	6	6	286364			
Q8NI22	1	1	11993			
O15371	1	1	5972			
Q16790	5	6	59499			
O94832	1	1	16554			
P59103	1	1	280			
P26599	10	14	178459			
Q6GMR7	1	1	49624			
P52758	7	10	144545			
P24534	4	4	203762			
P01859	4	5	944203			
Q13155	2	2	34346			
O75352	1	1	7320			
O43768	1	1	4706			
P12109	19	24	281581			
Q969L2	1	1	75575			
Q9P219	1	1	17466			
Q9H4A3	1	1	78761			
Q86UX2	5	5	108558			
Q53T59	1	1	59956			
P07996	15	16	876028			
P48163	6	6	89509			
Q9UBQ5	3	3	82856			
Q14103	4	4	201500			
P62841	1	1	4155			
P12004	3	3	87923			
Q8TAE8	1	1	51830			
P30613	17	21	114465			
Q562E7	1	1	8527			
Q8NCW5	3	4	89267			
P50991	11	11	167655			
Q96CT7	2	2	39508			
Q96HY6	3	4	10623			
P62081	7	8	203571			
P23396	15	16	340203			
Q9NYL4	1	1	12957			
Q96BY6	1	1	17792			
P0CG38	1	1	42351			
O95487	1	1	931			
P15313	14	18	400116			
Q86V81	2	3	96016			
Q6NUK1	10	10	140157			
P0DJI9	1	2	60076			
Q96KP4	27	44	1973447			
O43451	10	12	46121			
P11586	26	27	314388			
P14209	1	1	11477			
P28288	2	2	15692			
P46379	1	1	15132			
Q8TEX9	2	2	13428			
P62070	1	1	6257			
Q9Y5J7	2	2	150184			
Q13885	1	1	13412			
Q3L8U1	1	1	32747			
Q9H7Z7	13	14	96056			
P45880	9	10	259412			
Q96AP7	2	2	32305			
Q9C0D6	1	1	11369			
Q96TC7	1	1	34302			
Q9Y3E7	1	1	157437			
Q08722	1	1	16740			
Q96HD9	4	4	55442			
P01034	1	1	40756			
Q9P0M6	2	2	115286			
A6NJG2	1	1	99477			
O75915	3	3	76105			
P60468	1	1	9843			
P04040	26	34	222536			
Q15020	2	2	43199			
A0PJK1	1	1	37958			
P13804	15	21	294059			
Q9NP81	5	5	49606			
Q14677	7	7	117106			
P61020	3	3	73379			
Q8NBU5	1	1	44796			
P01871	4	4	182035			
O75153	1	1	37297			
O60271	11	11	511174			
Q86UX7	3	3	39629			
P43652	4	5	80982			
P08621	5	5	107381			
P09417	8	10	199749			
Q9Y333	3	4	107281			
P01780	1	1	38974			
Q9NZJ5	1	1	24800			
Q9Y2T2	2	2	30733			
Q9Y394	3	4	52766			
Q9UI17	28	32	91449			
Q13405	3	3	29038			
P62995	3	4	92584			
Q9NUL5	1	1	10501			
O00534	2	2	74748			
P00966	23	26	252981			
P00558	24	34	1128584			
Q13347	3	3	77996			
Q99963	1	1	10079			
P34896	14	18	516707			
P12235	3	3	150913			
Q9Y2Y0	1	1	14418			
O60762	4	4	29752			
P13798	13	13	263210			
Q9HD45	1	1	20131			
P62910	1	1	3036			
O00391	1	1	23090			
P36776	21	23	163877			
Q07837	2	2	36181			
Q8WV74	1	1	10229			
Q12874	2	2	22438			
O60502	2	2	61183			
Q96IJ6	2	2	57483			
Q9Y6I3	2	2	32046			
P46736	1	1	178816			
P11171	2	2	25868			
O95881	2	2	95208			
O75309	16	18	87275			
P52566	7	7	78558			
P07737	11	14	1443299			
P40855	1	1	6911			
Q4G176	7	9	120963			
Q96S52	1	1	1090			
O43676	2	2	93146			
Q969H0	1	1	83715			
O95571	2	2	81621			
P36959	1	1	1750			
O60506	7	8	142417			
Q14126	1	1	30828			
O75223	5	5	88710			
Q16891	24	31	174098			
Q9UJ70	7	8	86493			
O14791	2	2	8108			
Q4U2R8	2	2	38287			
O60256	4	4	52387			
Q15369	1	1	7433			
Q6ZVF9	1	1	45778			
P61006	1	2	23368			
P17858	14	21	128806			
P68036	6	6	74572			
Q9Y277	6	8	128583			
O75351	1	1	10206			
P53597	8	11	502687			
P05114	3	4	37928			
Q01740	7	7	1194821			
Q15370	4	5	129161			
P62753	5	5	190608			
P30085	7	8	254790			
P52597	6	8	94006			
Q9H0N0	1	1	30089			
P01834	8	11	605118			
O95436	1	1	3350			
Q86VU5	1	1	1500			
Q9NP58	1	1	580112			
Q4VC31	2	2	100371			
Q9H2M3	11	11	151576			
Q08380	9	11	367845			
Q9UEY8	9	9	71315			
O95870	1	1	7424			
Q9BY32	1	1	28296			
P20645	3	4	107611			
O95372	1	1	6135			
Q9UK22	1	1	22587			
O95400	1	1	18195			
P30048	8	10	1287353			
Q13418	5	5	43021			
Q9BW30	2	2	29443			
Q9HAV7	3	3	204078			
Q15428	2	2	22054			
P39060	21	31	1177030			
P60660	7	8	325097			
Q9UH65	2	2	64709			
Q15118	2	2	61201			
Q8N4P3	1	1	8883			
Q9P0J1	4	4	66462			
Q04917	8	11	216186			
Q9Y2J2	13	14	126796			
Q96PE7	1	1	45834			
Q9Y4F1	11	11	117935			
Q9H3Y8	1	1	892			
Q8IZ83	4	4	42292			
Q9NWV8	1	1	9838			
O75821	4	4	77612			
Q9UKK3	2	2	94135			
Q9BQI0	2	2	83966			
P27169	3	3	52237			
Q9Y3C8	1	1	67879			
Q92673	1	1	1693			
Q3YEC7	2	2	62277			
P27695	8	9	486138			
P14174	5	6	302931			
P29590	6	6	238538			
P20591	5	5	61967			
P63220	2	2	55190			
Q96CW1	3	3	95526			
Q96RQ3	12	12	113292			
P52272	19	20	330931			
Q9NZM1	29	29	391475			
Q8N8A6	1	1	671174			
Q08J23	2	2	30528			
P07919	1	1	4822			
Q8NDH3	3	3	77445			
P14406	2	2	567181			
P10155	3	3	171901			
Q9UEE9	1	1	46242			
P01611	1	1	1727			
Q9BVM4	2	2	23945			
Q9H444	5	6	56436			
Q8N6T3	1	1	4941			
P98082	10	11	180386			
P00488	17	17	198195			
Q9H8H3	2	3	73219			
Q96CM8	13	18	39379			
O14639	1	1	26534			
P60866	2	2	250121			
Q9BPX5	3	3	114057			
Q9BUR5	4	4	49080			
O14964	1	1	22371			
P54868	12	13	102010			
P18827	1	1	24043			
O15085	1	1	116639			
O00159	28	31	264544			
O14745	14	17	229292			
P04733	2	2	4442			
Q15459	4	4	69840			
Q99447	7	7	67209			
P51608	4	4	67854			
P43307	3	3	115301			
Q7Z478	1	1	8014			
Q709F0	7	7	95389			
Q9BWH2	3	3	113295			
O00330	6	6	431042			
Q9NUI1	2	2	52770			
Q92547	1	1	5732			
Q15149	170	188	746734			
P20073	8	9	178539			
Q5JTH9	1	1	11984			
Q14011	4	4	57643			
Q9Y570	2	2	83979			
O00429	11	12	127153			
Q9P2D7	1	1	290187			
Q05639	3	3	217510			
Q6IBS0	4	4	104342			
Q9P2R3	2	2	46324			
Q9BRT3	1	1	20017			
P04350	2	2	20336			
Q15067	7	7	174980			
Q6ZU35	1	1	118743			
Q8NBN7	7	8	229883			
Q9Y3D9	4	4	116391			
Q93008	2	2	23537			
Q13627	1	1	4171			
P18583	1	1	106702			
Q8ND23	1	1	15811			
Q5VYY1	1	1	10704			
Q8IV08	4	4	104017			
P17050	3	3	101134			
O75083	18	24	323536			
P01591	2	2	41688			
P16083	12	17	132011			
Q96AT9	1	1	7592			
Q8TEM1	1	1	12807			
P00338	17	22	1875217			
O60832	1	1	18235			
O75340	4	5	57606			
Q92882	2	2	75419			
Q9H0T7	2	2	104976			
P49773	4	6	267959			
P13929	1	1	6782			
Q16854	1	1	13786			
Q92845	1	1	38278			
Q2TAA2	4	4	177571			
Q9BW91	2	2	24837			
Q13098	2	2	23385			
P08183	4	4	88610			
P06396	22	31	241413			
Q6UXV4	2	3	56331			
P06702	3	3	50271			
Q9NV70	1	1	18616			
P54652	6	6	123558			
Q9H773	5	5	209542			
Q12805	2	2	27251			
P07355	6	9	1169220			
P07602	4	4	181326			
Q96EY8	2	2	39135			
P43121	6	7	77707			
P62829	2	2	177209			
Q15063	29	42	100298			
P10586	1	1	64145			
O14818	3	3	109393			
P38919	6	7	131683			
Q8NC51	4	4	70101			
Q9UI30	1	1	8612			
Q9NX40	6	9	142992			
Q5R3I4	7	7	74931			
Q16595	1	1	30762			
P55058	2	3	38549			
P00747	5	7	111135			
Q13200	12	13	49294			
Q8TAD7	1	1	3834			
P26368	4	5	171132			
P52209	10	11	136825			
P22792	2	2	79684			
Q8N465	1	1	18487			
Q13464	1	1	27656			
Q8IXM3	2	2	18054			
Q96A19	1	1	35228			
Q96EG3	1	1	31896			
P33991	1	1	2172			
Q99873	2	2	98511			
P55957	1	2	2552			
P15941	1	1	21922			
Q9Y2S7	5	5	72237			
Q9H6Z4	1	1	31322			
Q9Y6M9	3	3	47098			
Q969X1	1	1	24839			
P35221	20	22	153380			
Q92947	8	10	78582			
O75717	1	1	22201			
Q9H9S4	1	1	22095			
Q8IWE2	3	3	30824			
P46781	8	8	249325			
P01625	2	2	64295			
Q14694	1	1	74099			
O95810	9	10	128586			
O00468	25	29	275161			
Q969V6	1	1	46091			
Q99627	3	3	49535			
Q9NQC3	4	4	131574			
P05387	7	10	376779			
P02679	16	23	250680			
Q8NCN5	6	6	133340			
Q8NFW8	3	3	22328			
Q6PGP7	1	1	4393			
P46926	5	6	149466			
Q9NTX5	7	7	51628			
P83731	3	3	271230			
Q02083	1	1	20730			
Q9P2E9	31	34	559981			
P35659	2	2	53186			
Q9Y3A5	2	2	95073			
Q96R05	2	2	37440			
Q96AE4	7	7	136939			
Q16222	5	5	69259			
Q9UFN0	6	7	73149			
Q9NVH6	1	1	23753			
P61758	2	2	28359			
Q14847	11	11	292371			
P01861	2	3	73823			
Q16798	3	3	8128			
P03886	1	1	73068			
O14933	2	2	32985			
P31948	17	17	221394			
P47914	2	2	150321			
Q08623	1	1	19099			
P61081	3	3	92046			
Q86TI2	1	1	9583			
Q9H4A6	1	1	9703			
P20933	3	3	42797			
Q13501	4	4	18058			
P18669	6	9	426208			
P47756	8	8	132727			
P20962	5	7	169957			
P09496	4	4	195642			
P14927	6	7	466864			
P46779	3	3	108297			
O14880	1	1	33174			
P37840	3	4	45522			
Q06210	5	5	66786			
P63172	1	1	12758			
Q9NPF4	1	1	20147			
Q14978	2	2	44787			
Q99426	4	4	71741			
Q92530	3	3	97102			
O15212	3	3	61881			
P41240	2	2	35754			
Q14244	2	2	243707			
P00915	15	24	240198			
P53999	2	2	282194			
Q96FF7	1	1	11854			
P39687	3	3	355522			
P15880	7	7	156013			
Q14767	1	1	44997			
Q9BSH4	3	3	87319			
Q562R1	3	4	4175040			
Q6UWM9	4	4	51337			
Q9ULH4	1	1	4393			
Q9NRX2	1	1	24705			
Q8N8N7	7	7	110641			
P09601	3	3	23128			
P08311	2	2	306796			
O75534	2	2	28268			
P51397	1	1	16519			
Q9NUM4	1	1	14283			
Q9BUL8	2	2	101180			
Q6UB99	1	1	24202			
P05109	1	1	12429			
P08581	1	1	14007			
Q6IN84	1	1	12736			
P82980	4	5	67166			
P33316	2	2	23764			
Q07075	7	7	267644			
Q3ZCQ8	5	5	40730			
P49593	4	4	95741			
O75191	2	2	33658			
Q9NVI7	2	2	20955			
Q8TDQ7	1	1	14509			
Q01844	2	2	56306			
Q99735	1	1	15046			
P05062	19	29	223915			
Q00577	6	7	128572			
P20472	6	6	60732			
Q8N0W3	2	2	46232			
Q14112	19	26	767105			
P10619	3	3	51365			
P05107	2	2	27601			
P35268	2	2	187117			
P13489	5	6	300264			
Q7L099	1	1	20544			
Q9BV40	2	2	57631			
Q8N1G4	8	9	97328			
P00167	5	9	355201			
Q13867	2	2	80517			
Q14117	6	8	75411			
Q53GQ0	4	4	270947			
Q14728	1	1	2315			
P30837	20	25	281208			
P02741	4	5	368311			
Q9UJZ1	12	15	126012			
Q96C90	2	2	9958			
P24311	1	1	17741			
P08473	23	25	78052			
P14618	35	54	2226940			
Q8WX93	6	6	55477			
Q05519	1	1	6713			
Q9NUP9	1	1	87214			
Q96Q06	37	39	123316			
Q7LFX5	1	1	8630			
Q9UNZ2	10	12	151297			
Q9Y399	1	1	3511			
P08572	6	7	318755			
P22830	6	7	98599			
Q9NY15	3	3	43866			
O43760	2	2	83844			
P22352	8	10	126860			
P26639	7	8	107616			
O60568	15	21	108741			
P22105	14	14	233753			
Q9NR30	1	1	7016			
Q9H993	1	1	11598			
P80748	1	1	8390			
P61970	2	2	236713			
P40939	38	51	567088			
P05093	3	3	14883			
Q9NTJ4	2	2	19015			
P12236	1	1	159335			
Q07021	9	11	89435			
Q9H8L6	6	6	51960			
Q9H0E2	6	6	101576			
Q86SX6	1	1	43667			
P06681	2	2	28759			
Q8TE77	1	1	25233			
Q6I9Y2	1	1	92851			
P59998	5	5	308197			
P04424	11	12	163500			
O14980	2	2	13558			
Q8N573	1	1	9397			
P07451	4	4	45885			
Q9Y265	9	10	222144			
P07902	1	1	20376			
Q17RC7	1	1	107426			
P23368	3	3	124769			
P16435	6	6	64474			
P82914	1	1	28274			
P26885	2	2	106644			
Q9BXN1	7	8	60103			
Q9NYK5	1	1	24663			
Q15056	3	3	33383			
Q9P015	3	3	29292			
Q8NFH5	1	1	5797			
Q9NZD4	2	2	23743			
Q6NY19	2	2	27153			
P39656	6	6	167422			
Q9UIJ7	16	19	188657			
Q9BXS5	5	5	45767			
P61163	4	7	88828			
O00244	1	1	45969			
Q93100	1	1	55191			
P19367	15	16	155843			
P07942	31	36	882355			
Q9UHX1	4	4	52500			
P14635	1	1	18757			
Q5VYK3	2	2	11334			
Q9NVJ2	4	4	73651			
P04179	18	32	358775			
Q9BZZ5	5	6	103600			
O75251	3	3	83852			
Q9NVZ3	3	3	46022			
Q9UDY2	1	1	5722			
P51178	1	1	36638			
Q9C0C9	1	1	18519			
P07357	2	2	32686			
Q09028	2	2	107783			
P53618	8	9	117205			
O60669	1	1	4615			
P27348	6	8	265200			
P48751	1	1	4292			
O75380	4	4	32547			
P21291	9	10	86191			
Q93091	1	1	12614			
Q9UBT2	1	1	37834			
Q8N0X7	1	1	7540			
Q9BUH6	1	1	33291			
Q16270	3	4	510322			
P29622	1	1	7119			
P12955	13	14	142259			
Q08AH3	6	9	60782			
O95861	2	2	78499			
Q15349	1	1	74378			
Q96FQ6	2	2	19409			
O60547	1	1	15490			
Q96KN1	5	5	134954			
P35442	5	5	69746			
Q10713	4	4	77959			
Q9NRG7	3	4	43522			
Q9NR64	1	1	10481			
Q9UBC2	3	3	29178			
P62750	3	3	188775			
Q658N2	1	1	11044			
Q13268	12	16	149733			
Q15848	1	1	9779			
Q14980	8	8	52021			
Q5RKV6	1	1	6347			
P51570	9	9	100127			
Q12905	9	9	292451			
P06331	1	1	47555			
A3KMH1	13	13	93241			
P56182	1	1	193600			
Q9ULP9	2	2	42813			
P31150	7	8	115598			
P15144	36	41	108113			
P00751	16	17	151641			
P99999	9	12	683763			
P04083	19	27	373651			
P13761	1	1	15989			
P62158	9	11	743071			
Q9BXJ9	1	1	180422			
P02511	16	25	2007872			
Q96CS3	2	2	50447			
P36955	12	12	200957			
Q15119	2	2	36672			
P57764	3	3	55479			
Q6XQN6	11	11	148258			
P61960	4	5	87603			
Q9Y5B9	1	1	3624			
P49458	2	2	111228			
Q92616	19	21	93210			
P46977	1	1	56255			
P48723	1	1	23447			
Q15642	1	1	39768			
O75396	7	7	166587			
Q9BSE5	9	12	105307			
P51649	9	11	96799			
Q99471	2	2	31980			
P10768	8	10	254543			
Q9H9P8	4	4	130131			
Q6NUM9	2	2	23127			
Q9NXA8	2	2	15471			
Q8N5G0	1	1	36631			
P49321	2	2	74743			
P01877	1	1	18386			
P09467	13	19	79737			
Q16822	26	34	100052			
Q9H0R4	3	3	20969			
Q9UDX5	4	4	227386			
O43488	6	7	240850			
P37108	5	6	178706			
Q08379	1	1	12366			
Q08AM6	6	6	118629			
O43598	4	5	153561			
O15382	11	13	152386			
Q01105	8	9	237541			
Q9Y547	2	2	32184			
P01024	77	101	393786			
P12268	5	5	113686			
P27824	16	21	181086			
Q15262	2	2	59994			
Q12768	2	2	22775			
P49821	10	11	98676			
Q9H2G2	2	2	18561			
P40925	13	16	979208			
O95777	3	3	131380			
P04843	19	20	101693			
Q8IXI1	2	2	67917			
Q9BS40	2	2	50447			
P22695	17	26	351658			
Q9HB07	2	2	77607			
Q9Y6M1	1	1	13094			
Q9UJU6	8	8	62573			
P62263	4	4	121785			
Q9H0A0	1	1	4701			
Q14192	2	2	47620			
O75911	1	1	19496			
P31946	6	9	533150			
P50416	4	4	41297			
Q5T3F8	1	1	149938			
P05141	3	3	573083			
P30566	4	4	76071			
P61769	2	2	43704			
Q14344	2	2	35927			
P60842	7	7	280925			
Q9NTG7	2	2	79038			
P00492	7	7	134086			
Q96L92	3	3	64032			
O00203	11	11	161338			
Q9BXW7	1	1	64653			
O00161	1	1	22720			
Q969G5	4	4	47494			
Q16795	10	11	69985			
P35232	16	21	591430			
P17252	4	4	93926			
P61981	8	11	321995			
B1AJZ9	2	2	149692			
Q9P2T1	1	1	128199			
P02144	2	2	33700			
O14979	3	3	101292			
P15291	1	1	14739			
Q13162	7	8	110178			
Q6PKG0	1	1	850			
P10644	8	8	106703			
P62877	1	1	210408			
O75110	2	2	17486			
Q9NZI5	1	1	25080			
P56537	4	4	267777			
P09669	2	2	226897			
P49411	18	25	962185			
P06132	1	1	13147			
P02747	4	5	80771			
P30520	1	1	19839			
P17844	8	8	152743			
Q9Y230	9	9	243355			
Q9BWX5	1	1	49522			
P55884	8	8	68789			
P26583	2	2	84559			
Q02127	7	7	94107			
O95822	9	9	113863			
P30622	4	4	68287			
P05023	19	25	150479			
Q9BY44	1	1	18055			
P67809	5	5	45517			
P06737	14	17	114403			
O15143	5	6	98165			
Q96DG6	10	13	359029			
P62820	6	7	43641			
Q99807	1	1	12404			
Q8N3K9	1	1	56231			
P23528	5	6	428539			
Q01432	1	1	1853			
Q8WUH6	2	2	50115			
P00367	14	19	478127			
P04207	1	1	3712			
Q9Y6R1	8	8	75861			
Q03519	1	1	19415			
Q9ULH7	1	1	16937			
P02654	3	3	92890			
P35606	14	15	104408			
Q96C23	7	8	285422			
Q6GMV3	2	2	78279			
P84085	2	2	33446			
Q93050	6	7	54340			
Q7Z7H5	1	1	21960			
O75525	2	2	378283			
Q16851	17	19	151049			
O95202	9	9	91215			
Q96KP1	2	2	87647			
P02655	3	3	61719			
P56385	4	4	413812			
P25311	7	10	87448			
P78347	3	3	26324			
P50995	14	15	226492			
Q9UKF6	1	1	22801			
P36542	13	16	352994			
P05362	7	7	126655			
Q9UPQ9	1	1	7499			
Q9C0J9	1	1	411889			
Q5T7N2	1	1	253372			
O43776	7	7	108036			
P52907	4	5	128341			
O75489	14	16	103995			
P19525	3	3	24705			
Q9UKK9	3	3	133089			
Q9BRF8	7	7	102549			
Q9H061	1	1	12479			
Q9UL46	11	15	265738			
Q92597	10	16	161260			
Q9UBX3	6	6	59483			
Q9H1C7	1	1	37331			
P34932	14	15	88426			
Q13113	2	3	49469			
Q8IVH4	2	2	34139			
P04233	3	3	59823			
Q9BWM7	5	5	92619			
P08727	20	27	350681			
P02768	49	71	11259160			
P12270	5	5	33118			
Q9H0N5	2	2	106455			
Q13510	12	13	102901			
P19440	2	2	79085			
Q15257	5	6	175622			
Q9UHD9	1	1	5421			
P26447	3	3	76579			
P23141	6	6	25994			
O00442	2	2	45594			
O76074	1	1	427728			
Q96NB2	8	8	226303			
Q15911	2	2	253306			
Q969E2	1	1	11204			
P16662	5	6	85208			
P48556	3	3	91970			
P55209	3	4	74408			
Q13131	2	2	59230			
P04216	2	2	143179			
O15305	3	3	92822			
Q07955	7	7	343287			
Q14106	1	1	5619			
Q9UNF0	5	7	263106			
Q15819	1	1	3417			
O60469	1	1	246712			
O95817	2	2	83833			
O95674	1	1	2228			
Q9H910	2	2	116350			
O75356	8	8	55671			
Q13630	4	4	71115			
Q02818	7	7	112760			
O00560	2	2	15029			
P54920	8	8	56065			
Q9H0U4	1	1	13285			
O14936	5	5	94197			
O95352	1	1	28657			
P51688	2	2	49970			
O14787	1	1	4651			
O75643	6	6	43323			
Q9UKS6	1	1	13769			
P54687	1	1	17461			
Q9Y2R9	1	1	28193			
Q14151	1	1	35289			
P21926	3	3	78726			
Q9P0L0	2	3	217397			
Q16718	4	6	67070			
Q15691	5	6	391932			
O14579	4	4	42336			
Q9UJC5	1	1	13284			
P28676	3	3	44495			
P15559	3	3	60857			
Q13148	6	6	74782			
P02462	2	3	75638			
Q13469	1	1	23149			
P23526	13	15	241503			
O43295	1	1	27020			
Q9UM22	1	1	32187			
Q53HC9	1	1	34482			
Q99538	2	4	22255			
P02730	15	19	71387			
Q9UBV8	2	2	36475			
Q9H832	1	1	9348			
P30050	3	4	196754			
P68402	2	3	279890			
P43490	14	14	214003			
P41222	3	4	40398			
Q01658	1	1	44242			
Q9UHD2	1	1	18198			
P38646	33	43	651378			
O14737	4	5	132127			
O15173	4	4	89171			
Q8NBF2	2	2	31350			
O00763	3	3	14296			
Q9NUB1	8	8	44113			
Q14498	2	2	53375			
P30049	4	7	413239			
O75494	2	2	54205			
Q9BUT1	6	7	303141			
O60234	1	1	15064			
Q86U28	3	3	46550			
Q92542	2	2	34489			
Q9BWW8	1	1	7291			
Q7L1Q6	2	2	42162			
P35251	1	1	58181			
P11166	2	2	53533			
Q15293	9	9	142907			
O95298	1	1	143192			
O15229	1	1	16050			
Q16836	17	23	281865			
P57088	1	1	33411			
O60888	2	3	67849			
Q92841	9	9	146113			
P34949	7	7	60952			
P46063	5	5	69955			
Q15555	1	1	14340			
P09211	11	19	154035			
Q9Y276	4	4	52690			
Q9NPJ3	3	4	120355			
Q9HDC9	10	10	167575			
P08758	19	24	767899			
Q6UVK1	3	3	38104			
Q99424	5	5	47876			
P51665	4	5	61530			
P23246	10	10	114993			
Q96T51	2	2	7468			
P01042	7	9	466881			
P25685	4	4	141560			
Q9NP72	3	3	120724			
Q5XKP0	1	1	6532			
Q13838	3	3	38880			
P42025	4	4	39987			
O60884	6	6	106009			
Q9UKM9	5	5	156229			
Q9BXD5	4	4	26710			
P62745	1	1	2571			
Q5T6V5	2	2	28761			
Q99459	3	3	84023			
P22061	6	6	131821			
Q96C19	6	6	121788			
Q15404	10	12	102567			
Q8ND30	1	1	2734			
Q13825	7	7	255581			
P11177	13	16	322079			
Q9BX68	5	8	247935			
Q8TCT9	1	1	23133			
Q99747	2	2	28561			
Q9NQR4	9	9	216716			
P07196	1	1	12563			
Q9NR50	1	1	31127			
Q8WTV0	1	1	18092			
Q5QP74	1	1	138020			
O75964	4	5	275966			
P17152	1	1	21693			
P12429	14	15	487759			
Q96CD0	1	1	12117			
P07686	11	14	144189			
Q15286	2	2	24494			
Q01469	4	4	125426			
P07203	7	7	256483			
Q32MZ4	7	7	97409			
P62304	1	1	13936			
Q9Y2Q3	11	14	182554			
P52815	4	4	98624			
P50053	6	8	202212			
Q9BTM9	1	1	17826			
Q8NEZ5	1	1	27244			
O43747	8	9	125084			
Q13151	5	5	71138			
P30047	2	2	36729			
Q96GK7	3	4	66763			
P61421	6	6	87294			
Q16890	2	2	23316			
Q9BYE9	5	5	69356			
P15311	25	34	361188			
P02649	16	19	121392			
O75936	11	12	130520			
Q9NPB9	1	1	27184			
Q9BVA1	1	1	14414			
Q8N4H5	1	1	1490			
Q9Y2Z9	3	3	98953			
P23946	3	3	76286			
P47895	3	3	70624			
P55081	1	1	9135			
P43487	3	3	122372			
P14550	13	17	464281			
P51970	3	3	67626			
Q53GG5	1	1	40578			
P09972	9	10	1084966			
P07305	7	8	804662			
P05165	31	36	353711			
Q8WZA2	1	1	6867			
Q92734	8	8	190727			
O75475	3	3	49189			
P34913	11	11	183292			
P08579	1	1	9702			
P46940	35	37	163660			
Q9H0D6	1	1	8325			
Q8N142	11	12	115604			
Q15006	1	1	9637			
P25789	6	6	200217			
P62899	3	3	136206			
Q9NQH7	1	1	62042			
P06744	21	34	1037197			
P19224	4	4	86078			
P27487	17	19	222319			
P14625	29	37	615477			
P25788	6	6	111517			
P04844	11	13	88159			
Q9UGI8	4	4	70738			
Q96NG3	1	1	93026			
O00533	1	1	29640			
P22087	3	4	187841			
P48449	1	1	8232			
Q12906	12	14	208912			
Q9UJ68	5	5	61272			
P61009	3	3	66040			
O43390	5	5	84275			
P49903	1	1	10070			
Q9GZS3	2	2	36116			
P01598	1	1	29079			
Q8IWW8	1	1	23741			
P49748	33	39	324323			
Q96IZ0	1	1	8363			
P61160	8	9	118710			
Q9BYD3	3	3	30199			
Q9H078	3	3	43469			
Q9BXK5	6	6	54028			
P54578	7	7	211147			
P08603	7	8	76449			
Q96PU8	2	2	66013			
A0MZ66	1	1	30727			
P19404	6	7	82513			
Q9Y5J6	1	1	3137			
P60228	5	5	246942			
P27449	1	1	30656			
P06730	3	3	51565			
Q8NE86	3	3	257786			
Q9Y5Y6	1	1	61534			
Q15833	2	3	20743			
P62857	5	5	143960			
P16422	1	1	12982			
P02786	8	8	59844			
Q9Y584	1	1	35553			
Q27J81	6	6	22686			
P43243	12	13	71283			
Q9C040	5	5	47651			
Q92538	1	1	9805			
P0C0L4	2	2	62200			
Q9NZL4	1	1	22793			
Q9Y597	1	1	1591			
Q96EY7	2	2	57895			
P24821	43	54	510156			
Q9Y6Y8	5	5	56032			
O95865	8	10	141334			
Q9BXX0	2	2	38065			
Q8N5M1	5	5	41648			
Q9HC38	9	10	534137			
Q13217	2	2	27688			
Q13185	3	3	69947			
Q9UPN3	1	1	18076			
P67775	1	1	15993			
Q70UQ0	6	6	77795			
Q9BZF9	1	1	12316			
P18754	1	1	19380			
P52594	1	1	29244			
O95831	28	34	288575			
P15104	2	2	45692			
P05413	7	9	197880			
Q9BRQ6	1	1	840			
Q9NRV9	7	9	172289			
O60656	1	2	45541			
Q5HYI8	2	2	186174			
P32969	4	5	142656			
Q15717	7	7	112977			
P28062	4	5	111369			
Q14008	1	1	8202			
P02750	8	9	137536			
O94925	16	18	111150			
P55290	4	4	67243			
P07099	11	11	192622			
Q16864	6	8	145328			
P11940	1	1	117272			
Q14061	1	1	35653			
Q92552	6	6	47577			
Q9Y6K5	1	1	11922			
Q9Y2T3	22	26	345168			
P19022	1	1	9964			
Q13884	6	7	88722			
Q9BTZ2	2	2	57800			
P26440	13	15	401632			
P05090	4	4	83708			
Q9NQ50	1	1	8505			
Q14258	3	3	46514			
Q15036	1	1	18920			
Q9H3P7	1	1	6845			
P62266	5	5	148479			
P31942	6	8	112593			
P33151	1	1	6434			
Q9BWD1	2	2	77796			
Q9UI08	1	1	1815			
P23919	2	2	75812			
P78344	1	1	14187			
Q9H553	1	1	15785			
Q9Y624	2	2	52141			
Q8IW45	3	3	69799			
P35222	8	8	42222			
Q9BSA4	1	1	95545			
O95786	1	1	6146			
P01781	2	2	76061			
Q13561	12	14	203718			
Q99439	2	3	29465			
Q969I3	4	4	116794			
Q8NFD5	1	1	10157			
P48444	9	10	97169			
O75674	1	1	26458			
O95222	1	1	9064			
Q99653	2	2	56513			
Q99685	3	4	39731			
Q9Y2R0	3	3	83388			
P22059	6	6	62205			
Q14155	1	1	209174			
P46782	4	4	71998			
Q96RP9	6	6	89494			
Q00765	3	4	61939			
P09525	28	39	492072			
P54619	4	4	62400			
O75438	1	1	35319			
P49247	1	1	102220			
P24539	15	19	248947			
Q9NNW7	7	7	89961			
P49720	3	5	103515			
Q8NCW6	1	1	18309			
Q9Y5Z4	6	6	147605			
O60613	1	1	7222			
O95232	1	1	12656			
Q15493	1	1	8133			
Q96EL3	1	1	8726			
O00217	5	5	67153			
Q8N0X4	11	11	107583			
P49590	2	2	51594			
P33992	1	1	12009			
Q9BQG0	1	1	14660			
Q6JQN1	5	5	43594			
Q96F07	1	1	166153			
P51648	7	8	64197			
Q02878	11	14	281784			
Q13596	6	6	62079			
P43155	9	9	89259			
P19827	13	15	173891			
P33240	2	2	103696			
Q14019	8	9	143266			
Q96BW5	7	7	64053			
P01619	1	1	19524			
Q9P2J5	14	14	78919			
Q96PK6	2	2	25247			
P48426	1	1	7995			
Q8ND07	1	1	9808			
P10109	2	2	50883			
Q9NZ08	7	7	76016			
Q13084	1	1	5580			
O15400	3	3	49500			
P43897	5	5	110056			
Q99729	3	3	72946			
Q9H477	5	5	87644			
O76070	3	3	64697			
P31937	12	16	217465			
P63173	3	3	144741			
P61086	1	1	35113			
P31947	1	1	29013			
P04632	6	7	259166			
P10636	9	11	146930			
P12074	2	4	93761			
Q3LXA3	18	25	107140			
P51398	2	2	32981			
P41250	9	10	122259			
Q86Y56	1	1	3045			
Q9NPH2	5	5	309923			
P24158	3	3	43713			
P30043	8	10	183173			
Q8N5N7	4	4	233165			
Q9Y2Z0	2	2	90855			
Q8IY17	1	1	25877			
P62280	4	4	412735			
Q13976	1	1	7904			
Q9UHG3	12	14	129754			
P00738	10	13	298575			
P78417	9	9	198632			
O75844	1	1	3633			
P46776	2	2	306569			
P08236	5	5	108503			
O75880	3	3	95203			
P07384	20	20	271726			
P08397	1	1	4029			
Q14956	4	4	50996			
Q13425	1	1	41909			
Q96QF0	1	1	17864			
O00264	5	5	71402			
Q16587	1	1	342333			
P55769	3	4	207500			
Q86TI0	1	1	1755			
Q9BXR0	1	1	45650			
Q9NSE4	18	19	138491			
Q15031	3	3	76060			
Q96T76	1	1	2466			
Q9UQ90	1	1	43674			
O14874	2	2	61826			
O43237	7	7	68132			
P50148	1	1	6199			
P08575	1	1	30860			
P39210	1	1	5883			
P13671	3	4	41956			
P07911	12	13	126644			
Q9BSH5	6	7	159262			
P09668	4	5	154504			
Q9Y4G6	8	8	92491			
Q13188	1	1	7449			
Q9H4G0	7	7	79952			
Q9Y619	3	3	27733			
Q9GZP8	1	1	3854			
P23434	1	1	43187			
O00479	1	1	14965			
Q96IX5	3	3	79382			
O43708	1	1	5347			
O75521	9	11	62021			
P82664	1	1	41777			
P82933	1	1	25682			
O94903	4	4	112090			
Q9NSY0	2	2	21917			
Q15435	6	7	88537			
P08865	9	11	296745			
Q10567	13	13	554372			
O94826	6	7	255270			
P54802	4	4	29752			
O60902	1	1	59562			
P25398	2	2	93004			
O95373	1	1	61230			
Q8NC56	2	2	18360			
Q8WWY3	1	1	29895			
Q96M27	4	5	44487			
Q8TD55	2	2	42026			
P09914	1	1	18051			
P62913	2	3	141537			
P20810	5	5	114439			
Q6UWR7	3	3	57436			
Q8WW52	3	4	51275			
P61225	1	1	7117			
P53992	5	5	35830			
P14314	10	10	140716			
O00748	11	15	84020			
P23378	6	6	79327			
Q96Q11	1	1	36525			
Q9Y281	1	2	20579			
P05156	4	4	66350			
P26640	11	11	64660			
O00469	17	21	83230			
Q15185	3	3	216605			
Q8NBF6	1	1	32019			
P56556	4	4	74629			
Q8WTS1	1	1	14962			
P09110	10	12	75629			
Q15327	1	1	4448			
P36873	2	2	66604			
Q9UHQ9	4	4	102273			
P00352	24	35	1220390			
P04406	31	48	3105740			
P27635	1	1	19523			
P55327	9	11	59749			
O14975	6	6	56613			
Q15582	20	27	797206			
P45954	13	18	177950			
Q92900	3	3	35734			
O00754	2	2	29381			
P07108	5	8	91322			
P11766	11	16	340884			
P35813	2	2	62031			
P27105	6	6	45431			
P50570	3	3	137933			
P12110	17	20	363376			
Q9Y6C9	6	8	103219			
Q02928	5	5	42661			
Q9BW92	3	3	89378			
P20774	10	12	70396			
P68371	2	2	164973			
Q07866	1	1	20851			
Q00839	11	14	291112			
O15061	1	1	9399			
Q9BQA1	1	1	44166			
Q9NQW7	6	6	69060			
Q92665	1	1	4904			
P46109	2	2	90909			
O14529	1	1	33841			
Q93009	3	3	21075			
P56181	1	1	20355			
Q96F10	1	1	54937			
Q15027	1	1	33460			
P05546	7	7	55408			
P26373	7	7	163930			
Q00169	1	1	23943			
Q9Y237	1	1	3848			
P05230	1	1	2981			
Q05469	11	11	248501			
P49419	23	28	284969			
O76038	9	10	143935			
P50395	15	17	438174			
P21283	11	13	81486			
Q08257	19	27	885687			
P51161	3	3	44159			
Q9H2A2	5	6	31094			
P13010	15	16	473280			
O95182	3	3	57530			
P62241	5	5	100836			
Q14573	1	1	5870			
Q99436	3	3	147840			