prot	pepSeqNum	tgNum	guot_L130410_034_SW
Q9UBE0	2	2	29078
Q9BSJ8	11	12	80761
P02656	3	4	86180
O95741	1	1	5558
P09651	4	7	118167
P55809	13	17	84064
Q15631	3	3	78399
Q96EY1	5	6	91185
Q16706	6	6	49525
Q9UID3	1	1	4957
O14548	3	4	47229
O95164	1	1	11418
P54710	2	2	19644
P22570	15	20	232661
P80723	6	6	31307
P41252	12	12	76231
O60443	1	1	19668
P01019	6	9	67588
Q86VP6	20	20	254756
O43865	1	1	123699
P05388	5	7	212943
P21980	14	18	637838
Q8N5J2	2	2	65288
P17948	3	3	38627
P07741	6	7	467576
Q96EK6	2	3	32949
Q9H3S7	1	1	6019
P50990	22	23	212604
Q14315	1	1	351972
P14868	18	19	234882
P29992	4	4	55581
Q9NYF8	2	2	49118
Q9UBN7	3	3	52371
P00325	6	10	88822
O75264	1	2	45962
O76041	1	1	6880
P03952	1	1	13397
P16870	1	1	22673
P49327	64	70	138995
P17096	1	1	23907
Q15029	7	7	83440
O43570	7	9	59602
P50453	5	5	101551
P08123	8	9	147749
Q9Y6I9	1	1	4548
Q9BQ69	2	2	57206
O15460	5	5	62111
Q9UK45	1	1	32302
Q07812	2	2	79605
P07093	7	7	37645
Q49A88	1	1	831
Q8IZQ5	1	1	27346
Q16181	12	14	120328
O43583	1	1	15110
Q96BI1	1	1	10670
Q8IV36	1	1	30295
P01876	3	4	340512
Q6IPR1	1	1	17839
P00451	1	1	1791
O00764	6	8	97566
Q6L8Q7	2	2	46298
P49257	6	7	153632
Q9Y3E1	1	1	11237
Q9H3Y0	1	1	4032
P35241	7	8	102019
P00403	7	7	128109
O75533	7	7	174910
O75947	10	13	226716
Q9C002	1	1	11191
P84157	3	3	18311
Q63HN8	16	16	128628
Q08426	32	36	162780
Q9NRK6	1	1	16319
P00441	4	5	184370
P16144	1	1	13194
P51148	6	6	56740
O60925	1	1	56922
P01714	1	1	9855
Q9UII2	2	2	4500
O75306	5	7	69656
P51687	12	15	142478
P51571	3	3	90449
P31040	15	19	211032
P17174	20	27	347283
P56470	13	19	82187
Q9Y2H6	1	1	188615
Q8NI08	1	1	1583
Q9UNM6	5	5	116178
P09874	9	9	94756
Q9NVH1	4	4	49449
Q99832	11	11	151973
P02452	8	8	62402
Q5JTV8	4	4	36716
O15127	2	3	69054
Q8TBP6	1	1	10864
Q99460	7	7	83408
O75390	16	18	315892
P48507	1	1	30582
Q9BRP8	2	2	11300
Q9Y291	1	1	38185
P61247	7	8	262716
Q08174	1	1	15195
Q8N392	5	5	54202
P22033	10	10	94436
Q9HD67	1	1	6029
A6ND91	2	2	161119
P49591	5	5	92997
P49585	1	1	43970
Q12931	19	22	196763
Q53GI3	1	1	47928
Q8TBC4	1	1	27038
Q9H3K2	1	1	44677
Q15427	1	1	14378
P42765	19	26	379012
Q9UJ83	1	1	230648
Q8NBX0	6	6	63185
Q96LJ7	1	1	5144
Q12929	4	4	61682
P02748	13	14	127215
P10253	15	16	163843
P51149	10	12	215401
Q8IVF2	12	12	576245
Q01995	18	19	1084029
O00338	1	1	22180
Q4KMP7	1	1	41994
Q9BUQ8	1	1	11590
Q96HN2	2	2	109459
P11413	12	13	157396
Q8IYB8	1	1	17063
Q969H8	4	4	160233
Q9BV20	4	4	47367
Q07020	4	4	150121
P04181	9	10	92710
Q5SSJ5	7	8	79554
Q15437	4	4	64390
Q8TEK3	1	1	48669
P55036	2	2	64220
Q53FZ2	9	9	97903
P84243	1	1	1090
O43813	5	5	74858
P35558	20	23	233734
Q9UBF2	1	1	2616
P42704	52	63	196493
O95292	2	2	79361
O94905	6	7	65975
O43895	6	6	105543
P62312	2	2	60524
P02765	3	3	117310
Q9H2W6	4	4	50449
Q9Y5P6	1	1	57005
P06756	8	8	76035
P55735	2	2	81486
Q8NBQ5	7	7	60770
P13674	8	8	131126
O14966	1	1	46001
P55285	6	6	92279
Q9BPX6	1	1	890
O43852	12	14	310122
P53041	1	1	23470
Q14254	8	8	72321
Q08431	1	1	34382
O00483	4	5	92444
Q92522	4	4	34736
Q96B36	1	1	34692
P51606	4	4	68953
P00505	31	37	152046
Q9ULC4	1	1	4553
P27694	4	4	56159
P05198	6	6	135491
Q92499	12	12	167999
P98160	68	93	430429
P55268	30	34	118024
Q9HAT2	7	8	111585
P08185	3	3	72682
O60763	18	19	100887
Q13564	2	2	16568
P05026	7	10	87682
Q13586	4	4	27806
P05455	10	10	172547
P17516	1	1	42356
O94906	4	4	70844
P04271	1	1	51983
Q96FN4	1	1	8552
O95379	1	1	7369
O96019	2	2	39774
Q2M389	1	1	1093
Q99715	44	46	189461
P51991	10	13	211399
Q9H1K1	1	1	277001
P08195	9	10	185383
Q9H008	4	4	44154
P32929	3	3	65730
P04217	10	14	221216
P43686	6	6	37611
Q9BQI9	1	1	5643
Q96G23	1	1	21846
Q5SYB0	1	1	277998
P48637	20	23	230201
Q9UGV2	1	1	22553
P00533	2	2	31400
P63208	4	5	150216
P63010	9	9	159607
Q9UMS0	1	1	24625
P02549	25	26	106296
Q9H3Z4	1	1	20630
P21589	3	4	68600
A6NL28	3	4	96479
P04004	7	10	212919
P31323	4	4	34359
Q9UJW0	1	1	14517
Q9NR31	3	4	88144
P28074	2	3	43429
O95479	2	2	46432
O94979	11	11	109029
Q00610	50	62	262614
Q9UN86	2	2	91985
Q6AWC2	1	1	49061
Q9BZQ8	1	1	15695
Q9NRL2	1	1	219640
Q6P1X6	2	2	65952
P12956	24	29	226669
P29144	3	3	45750
P11217	1	1	22903
Q14157	1	1	10873
P49441	1	1	11884
O96009	3	3	78368
Q06124	1	1	18661
Q8WXD9	1	1	11233
Q14449	7	7	83322
Q4V328	2	2	32138
Q92626	10	10	55659
Q10570	2	2	155825
O43670	1	1	19693
O43175	8	8	62127
O75874	20	23	162657
Q9HCH0	1	1	4959
P36871	25	28	195971
O75569	2	2	37439
P69891	1	1	50375
Q8NE71	2	2	20448
P60174	19	29	1781066
Q16531	14	14	231319
Q08209	1	1	206342
P11172	1	1	24535
Q53RD9	1	1	57082
Q14376	2	2	303089
P38159	3	3	127485
P08559	9	9	211995
Q5JRX3	10	10	77730
Q9Y2S2	12	14	92396
O75367	7	9	246525
P37802	13	16	301866
O00303	7	8	227566
P51610	1	1	17688
O75369	75	90	174762
O75608	5	6	109107
Q8TCD5	4	4	61130
Q9HAU5	1	1	115111
P98095	4	4	87097
P10643	6	7	83130
O94855	2	2	55070
P11021	35	54	323966
Q96CP2	1	1	7106
P01833	10	10	120283
Q96AC1	7	8	81314
P16219	15	17	124528
Q9HB40	5	6	78986
O60240	25	28	126335
Q92598	9	9	111014
P55157	4	4	24844
Q9BUP3	6	6	94022
P60981	3	4	182601
Q6UB98	1	1	18419
P16401	4	4	380826
Q86X76	2	2	95618
Q16775	7	7	59352
P29536	1	1	24853
P24310	2	2	72915
Q86WU2	9	11	85520
Q9NZJ7	3	3	32709
Q04446	9	9	85316
Q68CK6	8	11	165659
Q9BXF6	2	2	18366
P48728	1	1	11192
Q99611	1	1	17032
O43504	1	1	140182
Q96AB3	7	10	86324
P10809	48	66	647089
Q04837	6	8	123974
Q15363	2	2	19996
O43493	2	2	8578
Q8NE62	12	13	153673
Q9BY66	1	1	29911
Q9HAC7	2	2	46416
P18206	54	60	291598
Q8NEY4	10	10	99411
Q96BS2	1	1	3571
P38117	14	17	167289
O15260	2	2	46754
Q8WXX7	1	1	41367
O94808	1	1	15851
Q96FZ7	1	1	14613
P22732	1	1	68601
Q9UF12	7	10	68006
P05783	37	51	883644
P08133	27	34	588473
O00232	3	3	207943
P84090	1	1	35820
Q8IUR0	1	1	63086
P15374	4	4	56046
P47985	2	4	68265
Q9Y6U3	17	19	161870
P13796	17	19	358336
P51812	1	1	11085
P41732	1	1	851
P40306	3	4	87269
P55072	29	34	241465
P20339	1	1	24295
Q99829	7	7	133484
Q9NYU2	13	13	97978
P31949	4	5	500211
P02753	3	3	100273
Q9Y285	2	2	22488
Q12907	4	4	92607
Q5VWZ2	6	6	110786
Q04941	1	1	12450
Q96I59	3	3	43990
P08648	1	1	15502
Q7L5N7	1	1	113758
P62136	3	3	129515
Q14766	1	1	38105
Q7L014	2	2	48554
Q9UQ80	11	12	257370
Q9UNL2	1	1	13795
Q8WUM4	17	20	125170
O60313	13	13	72874
P49908	1	1	1821
O95428	2	2	4608
Q14914	12	15	184959
O00499	4	4	51231
Q8TB37	1	1	1140
Q03154	26	34	213014
Q5TC12	1	1	196035
Q9Y287	1	1	2674
Q9BX66	12	12	97826
Q14974	10	13	125166
O43399	10	12	214524
Q7LBR1	1	1	47394
P04792	21	32	1955908
Q9NPA8	1	1	38914
Q9Y2D5	2	2	46207
O14732	4	4	90916
P55795	2	3	62619
Q14894	8	8	60879
Q96FW1	6	7	168121
Q6WKZ4	1	1	5151
Q969Z3	3	4	41351
P01824	1	1	27439
P02760	3	3	134498
P18077	3	4	113901
Q96DC8	9	10	82686
P41218	1	1	49065
P36578	10	10	284685
P00746	1	1	23396
Q15046	7	7	113846
Q9BRX8	4	4	68223
P25787	8	10	144806
P34059	2	2	23603
O95302	2	2	111231
O43837	6	7	54614
P00734	3	4	84397
P63241	3	4	49854
P50851	12	12	501833
O15320	1	1	9250
P25940	1	1	30724
Q86YH6	5	5	149220
Q8HWS3	1	1	12469
P22392	1	2	108911
Q96ER9	1	1	3229
P63096	1	2	38942
Q9NUQ6	2	2	12631
O95816	2	2	66982
Q12959	6	6	67847
O43182	2	2	29537
P07360	3	3	116265
P00918	13	18	271753
P02461	1	1	13079
Q9UJY5	1	1	5390
P36404	1	1	27326
Q8IUZ5	3	3	88193
Q6UX06	6	6	90378
P13866	2	2	13031
Q9NX14	2	2	36849
P82663	1	1	16538
O60869	1	1	72106
P16949	3	3	87469
Q9UI12	13	15	84172
Q9BVJ7	3	3	86296
Q92688	2	2	56352
P49023	1	1	10378
P28065	3	3	96442
P23588	8	9	100149
Q9NP92	1	1	8239
O14773	5	9	559941
Q96DA6	1	1	34417
P00846	1	1	21460
P35244	1	1	38406
P82909	5	7	48386
Q93099	9	11	153093
Q9H446	1	1	38255
P35237	7	9	196733
P26641	15	18	304972
Q5VUM1	1	1	10526
Q695T7	2	2	41979
P32322	1	1	20837
Q8NFU3	4	4	89826
O14879	1	1	11426
P13647	2	2	52274
P02774	10	11	154337
Q9ULV4	7	7	62534
Q96DB5	4	5	75310
Q01459	2	2	114106
Q96RQ1	1	1	7553
P00450	27	37	242577
Q15800	1	1	1926
Q96NL6	1	1	20342
O14832	3	3	25814
P20674	8	12	276419
P10301	2	2	32937
P55145	2	2	123741
Q9Y608	1	1	1250
Q9UHK6	12	16	82676
O75150	1	1	5145
Q9Y673	1	1	149336
O43143	7	7	111992
P48539	1	1	24175
Q53H12	2	2	21764
Q5T619	1	1	3897
P06454	5	8	131970
P49588	15	15	389846
Q92506	5	5	53456
Q9NRX4	3	5	112431
Q7L523	1	1	6028
O75506	1	1	2414
Q9NZU0	2	2	15177
P32119	10	12	443159
P23786	15	15	73999
P55042	1	1	36185
O14841	4	4	81324
Q13228	25	27	117133
Q9C0E2	1	1	39054
Q9H3S4	1	1	24854
O95169	1	1	19210
Q9Y4L1	14	17	259845
Q7RTV0	1	1	15180
Q99622	1	1	10162
P78540	9	11	48703
Q14152	10	12	88207
O14558	5	5	98419
P13987	1	1	31805
Q9H1A3	1	1	28377
Q9UL12	8	9	109445
P50895	7	7	166952
P15289	5	6	44873
P63279	1	1	79707
P98164	58	68	223806
P62701	3	3	109561
P00387	8	10	140507
P50238	1	1	62302
P16104	1	1	4367
Q5XKE5	1	1	356043
Q9H1E3	1	1	85587
O15230	42	49	153347
Q99684	1	1	43551
Q7L3T8	1	1	10436
Q9BSD7	2	2	34877
P22102	6	6	157505
O95758	1	1	24791
O00592	3	3	43873
Q09666	130	142	440023
Q9HCC0	16	20	92986
P07339	18	25	955982
P17655	16	17	391646
P04839	1	1	8613
Q07065	18	19	167716
Q6PCB0	11	17	94033
Q9P016	1	1	4089
Q15102	4	4	81768
Q6ZXV5	1	1	22439
Q96AY3	6	6	130302
Q14566	2	2	35923
P01608	1	1	60475
P05787	34	44	910498
Q16625	1	1	38911
Q13085	1	1	15810
P16278	10	10	309388
Q13442	3	3	76569
P35658	1	1	1641
Q9GZZ1	1	1	50386
Q13177	2	2	56544
Q8TAQ2	1	1	125340
Q9HBL7	2	2	41705
Q9ULZ2	1	1	3433
P67870	1	1	30846
Q14240	4	4	109329
Q14444	4	4	68923
O95793	1	1	12479
Q8IZR5	1	1	6972
Q08945	1	1	44627
Q00688	4	4	93166
P30711	5	7	106985
Q96DN5	1	1	23216
Q16698	13	17	245103
Q99536	13	15	194214
O00743	1	1	22731
Q02790	5	6	144191
Q13428	1	1	9968
P31146	7	7	200404
Q8WXH0	7	7	51237
Q9BYC9	1	1	15425
Q99797	2	2	51439
P61026	5	6	55810
Q16555	15	19	184607
O00299	11	12	553030
Q9Y305	5	5	53984
Q63ZY3	3	3	27872
Q8NFZ0	1	1	51876
O75937	2	2	37647
Q13823	1	1	25267
P46777	3	4	135760
Q8N8Y2	10	12	507401
P68400	1	1	20689
O00487	3	3	97392
Q9NXG2	2	2	92010
Q9C0E8	1	1	8281
P08237	16	16	422553
Q7Z3D6	9	10	79672
Q99614	1	1	50664
P46783	3	3	145939
Q9UDW1	2	2	47676
Q92945	10	11	204081
O95562	1	1	5818
Q9Y5K6	5	5	83874
P21964	2	2	35429
Q9NZA1	2	2	12618
P00540	1	1	36863
P07910	7	9	439037
Q13363	5	5	92179
O75131	5	5	119568
O43426	1	1	358496
O43301	10	10	331937
P45381	4	4	35215
O94919	1	1	10467
P40763	2	2	16667
P11233	1	1	36757
Q99490	1	1	123019
P09327	19	20	115941
Q8N335	4	4	95144
Q13310	3	3	81673
P62847	2	2	25548
O15394	1	1	39551
P05164	1	1	18166
P08637	1	1	24609
P04066	6	6	71066
Q92896	1	1	22725
O14786	2	2	22610
P0CW27	1	1	49845
P10153	2	2	16868
Q9NVT9	1	1	13016
O60701	16	18	300006
P31639	1	1	1571
P55196	1	1	28248
Q9UBD6	3	3	23178
Q9UKV3	1	1	1820
Q9UGT4	2	2	24172
Q6P2Q9	4	4	386854
O60841	1	1	18215
P15954	2	3	9916
P12277	17	27	49902
Q53EU6	4	4	42736
P01857	5	7	1958702
P08670	51	77	3948710
Q9Y295	3	3	65848
P11310	19	25	154021
P01137	1	1	14875
O95872	1	1	18155
Q13724	5	6	70451
P60900	5	6	123967
P15090	5	7	98348
Q9Y5M8	1	1	21594
P23381	11	15	133012
P54577	9	9	111677
Q9Y3B8	3	3	131440
P07585	10	12	160921
Q9NZQ9	1	1	26589
Q96AG4	7	7	141842
Q9UJS0	14	16	332290
Q9BV79	2	2	46892
P06748	10	16	444734
P21266	5	7	97153
P61088	2	4	100388
P54725	2	3	18425
B9A064	1	1	172492
Q16643	3	3	53312
Q96TA1	7	8	144579
P49406	3	3	62919
Q8TAT6	3	3	24882
Q9NR45	4	4	130214
P30626	6	7	227243
Q9NUJ1	10	14	75125
Q99733	7	7	70295
Q9NVS9	5	6	85624
P00740	7	9	151659
Q9BTU6	1	1	29126
Q99417	2	2	25826
P62993	3	3	75133
P16070	2	2	56503
Q9NZL9	4	4	96124
Q00013	1	1	12120
P28838	29	33	384390
O00142	1	1	33587
P41227	1	1	4355
Q08752	1	1	26449
Q9UN37	3	3	46740
P35573	5	5	79463
P30533	6	6	123937
O43678	3	4	119697
P62140	2	2	48065
Q9BRG1	1	1	40427
Q15654	1	1	12505
Q9BVL4	1	1	8378
P04434	1	1	16647
Q5TBA9	1	1	6435
Q9UHJ6	1	1	8165
Q7Z4H8	1	1	1630
P07711	3	3	37905
Q8WXF1	3	3	53097
P38606	30	42	314411
Q9BY49	5	5	68090
O43795	4	4	73392
O95989	1	1	35295
Q15599	3	3	36028
Q9H0A8	1	1	16875
Q8TB22	4	4	51457
P06733	32	48	3682230
O75629	1	1	18133
Q15366	4	4	306225
Q8N1F8	1	1	20118
P50914	3	4	108672
Q07507	1	1	64756
Q9Y4P3	2	2	24599
P09960	16	18	171792
A0FGR8	3	3	53181
P80303	2	2	39060
P08962	1	1	4415
Q56VL3	2	2	37829
Q96SU4	1	1	18273
Q00341	11	11	109105
P02787	29	40	526773
P10909	10	12	327760
Q9H1J5	1	1	157867
Q8N4T8	4	4	40836
P23284	12	14	495788
Q14558	1	1	27825
Q969Z0	1	1	19941
Q14657	1	1	3910
P04433	1	1	95295
Q9UBX5	2	2	105101
P49756	3	3	73379
P51911	4	4	112007
P46952	6	6	81563
Q9NUV9	2	2	54420
Q9NZW5	3	3	49473
Q96IU4	7	10	149344
P29692	9	10	309815
Q07960	12	15	252220
P13716	5	6	96579
P05166	19	25	208535
Q15628	2	2	20359
Q14562	1	1	6116
O43242	10	10	98244
O75439	3	3	65784
P10451	4	4	49105
Q14118	3	3	92579
P11047	28	36	251535
P25205	5	5	33724
A0AVT1	11	11	93496
Q15388	1	1	21619
Q16762	7	10	221813
Q6PI48	8	8	53245
Q14624	22	24	196271
O15439	7	7	41731
P98179	4	5	54887
Q9NX63	5	5	110580
Q9UI09	6	6	106450
Q75V66	1	1	26665
Q9P0Z9	4	4	20895
P82970	2	2	18681
Q6RW13	1	1	7097
P05556	11	11	125692
O15144	9	12	305203
Q96QZ7	1	1	1885
P22897	1	1	23044
P61966	1	1	3650
O43920	2	2	96268
Q12955	12	12	55027
Q15393	11	12	246644
O60885	1	1	63368
Q02880	1	1	20835
P48739	1	1	14807
P52788	3	3	68747
P29966	9	12	135310
P35613	5	5	132012
O95954	13	16	170919
P55263	3	4	65199
Q9BYV1	10	11	86571
Q8TEA8	2	2	24746
P02763	7	12	497078
Q9NXU5	3	3	63517
P49721	7	7	141831
Q99714	13	19	221154
P13861	9	9	84846
P30405	6	6	97448
Q6VY07	2	2	13298
P35219	1	1	31914
Q03252	19	19	130313
P26196	5	5	81928
Q08495	6	6	56074
P39748	1	1	49825
O75208	7	7	127519
P19971	16	20	180980
P09543	3	3	63823
O00231	6	6	101843
P01031	19	19	166705
P01699	1	1	26681
O95433	2	2	85967
Q15233	5	6	112310
P30046	2	2	95526
Q9Y5X3	8	9	121301
P46976	4	4	108028
P49736	2	2	17584
Q02487	1	1	20262
O15247	1	1	6656
Q13938	3	3	53986
P61916	2	2	84524
Q9BS92	4	4	60305
Q96BQ5	1	1	38888
Q8TF65	2	3	29716
Q8NBJ7	3	3	67277
Q5D862	1	1	17875
P30038	25	33	169013
O43681	3	4	125130
P40227	9	10	235302
Q6P1M3	2	2	15027
P49368	12	13	287136
P50135	5	5	117337
P11277	23	23	117550
Q9UBQ7	8	10	187336
O00116	1	1	31971
P19623	2	2	199608
O95295	1	1	32970
Q8IZF2	1	1	2220
Q16629	5	5	192496
Q13277	1	1	12078
P04196	7	8	98166
P47736	2	2	7245
P26038	33	41	660814
Q8WUY1	1	1	27517
Q9Y6N9	1	1	19784
Q96QK1	16	17	286265
Q86UE4	8	8	106403
A0AV96	3	3	28416
Q13409	7	7	78890
Q15287	1	1	9986
P02675	24	33	284070
Q96A26	4	4	123894
P08574	2	4	66421
Q13283	4	4	61967
O60308	1	1	126474
P62851	5	5	350992
O15145	4	4	188723
Q9NZR1	1	1	34671
P19823	19	23	293993
P62854	1	2	46828
Q9Y371	4	4	40733
Q07666	3	3	124607
O60285	1	1	62064
Q00325	12	13	147960
Q9Y303	2	2	78072
P10599	4	5	556153
Q9H098	1	1	6702
Q9NR28	3	3	134421
Q5EBL8	2	2	116939
P53621	23	23	186808
Q9Y224	7	7	51200
O76003	6	6	118644
Q96DI7	1	1	26960
P09429	3	5	144636
O75832	1	1	20568
O60493	4	4	149342
P35914	5	6	102053
Q86XW9	1	1	62556
Q9NTK5	6	6	172466
Q9H2D6	2	2	59215
Q9NX18	1	1	31251
Q9ULA0	4	4	56928
P53370	1	1	104023
Q9Y5K8	9	9	147472
P05997	1	1	14208
O15126	5	5	53315
Q15436	2	2	49325
P21953	2	2	6065
Q9Y266	4	4	109279
Q02318	5	5	53437
Q9NR12	3	3	138753
P61604	9	12	1268555
P02647	19	29	778817
P40121	13	16	251219
Q5HYK3	1	1	4468
P28066	7	7	89874
Q9UBI6	2	3	65926
Q16401	8	9	103829
C9J6K1	1	1	26966
P53004	7	7	148340
P11142	19	24	1061997
Q9Y2E5	3	3	34959
Q9H479	5	5	48279
Q15651	1	1	4079
Q969V3	1	1	18532
P28906	1	1	190
P61923	4	4	107296
P08754	1	1	13718
Q13423	34	41	127800
Q9Y315	1	1	10273
Q6UW68	1	1	11341
P47755	5	6	236534
P11216	26	32	223308
O43674	2	2	65019
Q9UGM6	2	2	30399
O43819	2	2	47346
P55010	3	3	75288
Q8WUP2	1	1	81814
Q16527	3	3	56898
Q6YP21	1	1	54751
Q9NP61	1	1	14014
Q9H5X1	1	1	19932
Q53FA7	3	3	49441
Q9BUJ2	4	4	86117
O43707	42	56	613297
Q9NZB2	6	6	44966
P15088	4	4	61894
Q93052	5	6	163274
Q01813	23	26	163388
Q02952	20	22	94564
P28482	5	6	187044
O14681	1	1	33769
Q96BT1	1	1	97216
P06703	3	3	474137
Q9UBW8	1	1	2494
P48506	1	1	13935
P54886	8	9	60429
P04899	4	4	61824
P46778	1	2	20015
O60437	4	4	37950
P22314	36	48	247424
Q9Y2W1	1	1	8196
P19801	10	11	80365
Q86XP3	1	1	54988
Q96FV2	3	4	100178
Q7Z3U7	1	1	5099
O14556	1	1	90186
Q9NX24	1	1	31553
P62424	6	7	183671
Q03164	1	1	52718
O75822	1	1	42593
A6NCI4	2	2	13266
A2VDF0	1	1	3028
P05543	2	2	108853
P16885	38	39	161077
P02766	11	17	398021
Q7Z406	1	1	109191
Q9H5V8	1	1	28807
O14957	1	1	35408
Q16363	24	25	352577
P15848	2	2	31726
P51858	10	11	398526
Q9Y2B0	4	5	72703
P01011	14	17	496098
O60825	1	1	22981
P52306	3	3	40360
Q9H4M9	6	6	67943
Q9NS69	2	2	31841
P20700	14	14	171063
P02489	6	7	67150
P18031	3	3	62300
P30153	13	15	135084
P10606	9	12	205286
P50440	28	38	139183
P35749	37	43	217203
P35754	4	6	189273
P32455	6	6	165068
Q9UHE5	2	3	78687
Q14166	4	4	130112
O00233	3	3	60415
Q9Y4W6	9	9	84677
P62306	1	1	3876
P00439	12	12	160388
Q9UNN8	1	1	19101
O15083	1	1	114988
P37235	2	2	37680
P05091	22	31	583317
Q0VAM2	1	1	68574
O43615	7	7	74368
P13073	10	11	195205
P67936	8	10	492214
Q86TX2	1	2	21880
P06727	24	28	175004
P51452	6	7	80194
P63000	1	1	50890
P16452	5	5	181508
O00410	6	6	56224
Q9UPZ6	1	1	18178
P62826	6	7	799346
P20711	15	18	224724
B7Z1M9	1	1	50720
P18085	4	4	105460
Q1EHB4	2	2	23489
P53634	5	5	355512
Q9BU61	2	2	58653
Q8WZ55	3	3	71152
Q13683	3	3	150427
Q99541	16	21	214020
Q86XE5	7	8	46197
Q86WA6	8	10	98414
P21796	18	24	498576
Q15075	9	9	83947
Q96I15	1	1	16210
P50454	12	18	273343
O14744	1	2	133974
Q92599	3	3	59924
Q2TB90	11	11	111121
Q8N357	1	1	44905
P32189	1	1	26194
Q12765	5	6	53732
Q9HBH1	2	2	90947
Q8WWC4	3	3	48531
Q13232	4	4	218468
P43304	13	14	98418
Q92544	1	1	13114
P30740	15	19	205791
Q9NWH7	1	1	6776
P00326	1	3	22676
P28161	2	2	9089
P62633	3	3	46375
P16284	4	4	55550
O00584	4	4	374141
Q9Y646	5	5	92105
P13645	15	17	94644
Q9H3R0	1	1	58142
Q9BUF5	5	5	31429
Q96HR9	2	2	42008
Q9Y2H5	1	1	8349
P62333	5	5	68311
O95163	1	1	12200
P26006	4	4	59532
Q9NPE2	1	1	68901
P23229	8	8	71789
Q8WUW1	1	1	25329
Q9H6R3	14	14	113980
P30039	15	19	112143
P53680	1	1	70106
Q9BX97	2	2	18324
O95340	1	1	19797
Q15637	5	5	57367
Q9NPL8	2	2	8848
P49354	1	1	802
P27216	1	1	11482
P46459	11	11	153917
P02794	11	16	129503
O43464	6	6	76355
P53367	5	5	45298
Q5T4S7	3	3	103884
P25786	10	10	161364
O60936	6	7	39767
Q96HE7	7	7	107049
Q6NZI2	9	12	245417
Q9NVD7	4	4	39225
P13611	12	13	820749
Q14697	33	42	366006
P08294	6	7	73585
P12111	104	131	538737
P07437	5	8	1192846
Q6FI81	4	4	59598
Q86UT6	1	1	12409
O94760	9	11	244483
P52735	1	1	10674
Q9H299	3	3	181263
O14617	6	6	51698
P50552	5	5	68553
Q14141	1	1	3781
P49589	1	1	37217
O75368	6	7	294970
Q8N3V7	3	3	16728
P62330	2	3	80966
P16444	7	8	121330
Q7Z434	3	3	16843
P30044	10	15	498782
Q53GS9	1	1	7669
P01621	1	1	125427
Q13621	6	6	56442
P12081	4	4	127680
P31277	1	1	20794
P58107	13	16	164665
Q7Z2W9	1	1	16686
P04075	23	35	2848600
P02743	9	11	74374
Q9NQG5	5	5	57389
Q5VW32	2	2	27181
P13807	6	6	96279
Q16540	1	1	7832
P15170	1	1	43314
Q93062	2	2	30829
Q9Y6W5	1	1	38514
Q12849	3	4	35420
Q9UMY4	1	1	15813
Q13315	1	1	67135
P61353	1	1	40390
P62277	4	5	188513
Q9NWV4	1	1	10231
Q02252	28	37	103946
Q96H20	1	1	23482
P00568	4	4	81718
Q13242	1	1	87441
P62191	4	4	86146
P45974	18	19	150941
Q9BZK7	1	1	15928
Q86Y39	2	3	72155
P84098	4	5	179358
Q9BYT8	4	4	51617
P14317	2	2	76563
O00476	1	1	16151
O15067	6	6	60729
P62318	2	2	110182
Q9UMS4	6	6	164262
P25815	1	1	4292
Q9H8Y8	3	3	60084
Q5ST30	1	1	9626
Q14554	5	5	147131
Q9UHB6	12	12	107148
Q15019	8	12	130758
Q63HM1	1	1	2941
P18428	3	4	42569
P35270	8	11	137071
O96008	2	2	32513
Q9BYD1	2	2	111503
P07858	7	10	177272
P80217	1	1	53943
P52565	7	8	197805
Q01081	2	2	125021
P21281	14	17	154257
P28331	20	25	168346
Q9BZF1	1	1	22892
Q9Y696	10	12	440751
P35998	9	9	168931
O75970	1	1	50036
P47897	9	9	129170
Q96GD0	1	1	5626
P08519	1	1	7669
O75165	2	2	20765
Q99766	2	2	57132
P11182	9	9	147168
P52434	1	1	7133
P07237	33	42	1119207
P62269	6	7	300789
P61106	13	15	120506
Q9H6Q4	1	1	18877
P27708	5	5	82142
Q9H4B4	1	1	13583
P37198	2	2	45764
P50213	7	8	66020
Q9UBI1	2	2	24916
Q9Y3Z3	16	16	167311
Q86Y82	4	4	38806
Q9UBQ0	4	5	61880
Q03135	5	5	43110
P01009	30	48	1236907
Q9Y3E0	1	1	13558
Q9BXJ7	3	3	58179
Q8N655	1	1	22386
O43169	2	2	24521
P12830	5	8	53235
P07195	14	17	1510484
P12814	19	24	278096
Q05707	34	35	189302
O60673	1	1	91297
P22307	8	8	150051
Q04637	11	11	132481
Q9BTV4	3	3	59056
P09622	14	15	132840
P48047	13	16	314898
Q1KMD3	10	10	68335
Q9H0W9	7	11	253836
Q14204	74	77	176569
Q02338	5	5	41478
Q16134	12	13	83123
Q16774	2	2	32465
Q15904	5	5	108615
Q96IY4	1	1	33160
Q01415	2	2	34006
P25774	4	4	72203
P36957	13	15	166539
P78357	1	1	73762
P15924	4	4	134687
P68366	3	4	206027
Q5HYA8	1	1	9940
P51572	4	5	76217
O00401	1	1	5938
O60610	1	1	14619
Q9H9B4	10	10	144838
Q13356	1	1	10358
P07814	15	15	197237
P04114	59	60	105497
Q16853	7	8	281039
Q15417	6	6	96247
P35637	3	3	125934
Q14195	2	2	56061
Q9Y3D2	2	2	90814
Q96EP5	2	2	30966
Q9UEW8	2	2	8206
P29728	1	1	6196
P06576	42	64	746936
O75935	2	2	78613
O00170	2	2	50953
O43765	2	2	29146
Q99584	4	5	100562
P36551	1	1	25477
Q10471	3	3	63236
Q9UDR5	7	8	64350
Q9UNE7	3	3	77760
P31431	1	1	24931
Q8N1F7	3	3	63372
Q96HS1	2	2	61348
Q14651	8	9	94517
P12532	6	6	58756
O75955	5	5	98312
Q9GZM7	7	9	190352
Q9NUQ9	5	5	97289
Q9HB71	3	3	72935
P35580	38	45	161987
Q9GZZ9	2	2	36993
Q9Y6B6	1	1	29078
Q9UJW2	8	9	135993
P24752	23	34	262453
Q8WZ42	1	1	161891
Q9BRA2	3	3	140217
O96007	1	1	8994
Q9Y3B3	2	2	60101
Q9HCJ6	2	3	31937
Q96HC4	7	8	106106
P01860	2	2	52460
Q9ULZ3	7	7	81038
P54136	9	9	92629
P06753	4	6	354017
Q8NF91	2	2	34143
P54819	15	20	590682
Q9UNH7	2	2	75223
Q9BV38	1	1	28662
Q53SF7	4	4	55473
P51659	16	17	244526
P78527	28	28	384699
Q9HCH5	1	1	5568
O95336	9	10	190683
Q5JU85	1	1	4900
P04264	24	26	144383
Q9NP97	1	1	18675
P15153	2	2	68325
Q00796	9	10	84866
Q92820	9	13	65868
Q15274	5	6	254382
Q8WVY7	1	1	16548
P08238	11	15	894858
Q5TDH0	3	3	37721
Q9UN36	5	5	57400
P13797	11	12	116716
O94886	1	1	9837
Q5TEZ5	1	1	37558
Q9HBJ8	1	1	4408
Q9UIQ6	3	3	21045
Q9BR76	4	4	54953
Q86W92	1	1	40496
P31930	16	20	181655
A0AVI2	1	1	60271
Q06323	11	12	294758
Q9BVG4	4	4	107869
P31939	20	22	236586
Q969X5	8	8	169248
P30041	17	23	796397
P50993	1	1	5446
P11234	3	3	54888
O75347	6	6	186885
P63104	9	14	1022543
Q14247	10	10	148062
P82979	1	1	56321
Q96LD4	1	1	2023
Q99798	40	61	231435
P19338	22	23	443405
P20290	1	1	27075
P20618	7	7	218415
Q6P179	1	1	27419
Q92817	3	3	243880
P57105	3	3	60467
P48735	19	25	191598
O76094	4	4	89004
P23297	1	2	47123
P02671	30	41	102362
P61158	7	7	223044
P60953	4	6	95826
P80365	5	6	38596
P62861	2	2	108637
P56199	3	3	68936
O75436	5	5	122488
Q96LB4	2	2	22928
Q9GZT3	5	6	125785
Q8NFV4	10	13	93461
P37837	14	14	485213
P17987	15	18	326840
Q96C86	4	5	40937
P35908	15	16	75687
Q9Y2R5	1	1	16599
Q96CG8	2	2	206738
P62195	9	9	56748
Q9Y6N5	13	13	81817
O15372	4	4	51128
Q9UHD8	13	13	129128
P05452	1	2	24281
P51884	13	17	630289
P13284	1	2	35370
P42285	2	2	103807
Q9BVK6	2	2	45559
Q9H223	11	11	65552
P51801	3	5	32789
Q15907	2	3	76559
Q01449	1	1	4314
Q6P4A8	6	6	68482
Q8N370	1	1	4124
O95154	7	10	106711
P0DJI8	3	4	209657
P09234	1	1	22795
Q00059	3	3	103865
P62937	10	13	1178421
Q96JB5	1	1	6971
Q6ZWH5	1	1	9731
Q9BWS9	1	1	3209
P15121	16	21	518759
Q13263	8	8	180056
P61978	14	19	473239
Q5VWJ9	1	1	5071
Q07157	6	6	61364
P62249	8	8	308896
Q9H6R7	1	1	38406
Q10589	1	1	55397
Q14116	2	2	82999
Q9H3K6	1	1	37066
O95394	4	4	74301
Q86UW7	1	1	38868
Q9ULD0	22	25	162195
P62917	2	2	173853
Q13011	13	14	303108
Q9NR19	9	10	86736
P83916	1	1	10477
Q9UBR2	4	4	210907
Q8WWM9	1	1	12946
P17931	8	13	276684
Q8TBX8	1	1	26460
O75923	2	2	29016
P04003	3	3	64444
P48681	15	16	149933
P49915	3	3	118248
O15533	4	4	40784
P27338	10	13	123695
P53990	4	4	58370
P46939	4	4	32778
Q9UHB9	3	3	94879
Q9UKL6	1	1	54404
Q9BQ61	2	2	17646
P0C0L5	3	3	51695
Q96S37	1	1	45381
P21810	13	20	686666
Q8IXM2	1	1	17254
O95834	6	6	119267
P61019	5	6	60085
Q8N8R3	1	1	18880
Q9P0V9	2	2	31234
Q8TB96	1	1	8580
Q92572	1	1	29982
Q8TCS8	6	6	83881
Q8NI60	2	2	44606
Q8TDX5	1	1	21171
O75663	1	1	12223
Q08170	4	4	43590
Q9Y263	1	1	2025
P42766	1	1	14588
Q969T9	1	1	18464
Q13057	9	10	99370
P02652	7	8	245775
Q12802	2	2	118336
O95168	3	4	269810
P62888	2	2	148810
P40616	2	2	69541
P78324	1	1	2461
P36969	5	5	75678
Q8N766	3	3	75499
O43684	2	2	40961
P20042	3	3	45637
Q9NXE8	1	1	81409
Q9Y5L4	2	2	61894
P54727	6	7	137802
Q15120	2	2	32532
A6NDB9	2	2	65920
P17568	1	1	16896
Q9NZN4	18	20	294168
Q96M32	1	1	60661
O60343	4	4	29980
P19320	2	2	39096
Q9H9J2	1	1	5414
P37231	1	1	331477
Q8NHP8	1	1	38987
Q9NQ48	1	1	22458
Q99623	18	22	367192
Q9Y490	60	77	202258
Q8WWV3	1	1	9859
P00491	14	16	123378
O95757	6	6	145518
Q03426	1	1	26635
P35680	2	2	13737
P21399	26	31	146834
Q96CX2	14	17	129841
P13591	1	1	21332
Q92905	5	5	54363
Q9Y617	9	9	153983
P31689	5	5	71574
Q99543	1	1	600
P15586	4	4	120585
Q96G03	11	13	95473
P62314	2	3	112523
O75348	2	2	42179
P29034	1	1	23062
P01903	3	4	164714
Q53FT3	1	1	5540
Q9P273	1	1	24286
Q9NZT2	1	1	20887
Q6IQ23	1	1	26644
Q9UM54	9	9	84091
Q8TC12	3	3	109171
P09871	4	4	134250
P53396	28	32	313878
P05154	6	6	62089
Q6UB35	1	1	22448
P34897	17	20	266056
P39019	8	9	161902
O75781	3	3	174315
P61313	4	4	217908
Q9H4L7	1	1	9437
O43396	6	6	138864
P16671	6	8	72118
Q96GA7	3	3	44792
P09210	2	2	114598
Q9UEU0	3	3	33710
O94973	9	11	68920
P81605	1	1	10882
P63244	10	11	295189
P08493	1	1	33607
P14324	5	5	90428
Q9Y678	13	15	73514
P52789	3	3	56547
Q9NRX3	3	3	129288
P12694	11	13	72562
Q96CN7	3	3	56223
Q9Y2Q9	2	2	153350
O95747	5	5	32350
Q8NFF5	2	2	13582
P07148	6	7	30460
P08729	25	30	284044
P68871	12	23	3760260
P58546	3	4	143579
O14907	1	1	16568
P55083	2	2	25504
P05067	3	3	31702
O95219	1	1	47895
P33176	9	9	148379
P02790	12	14	856215
P17900	4	5	77281
P05386	2	3	127252
P49006	1	1	10323
P02545	45	53	451686
Q658Y4	1	1	3664
Q9UHY7	3	3	88695
Q9NSK0	1	1	4124
Q6E0U4	1	1	9745
Q96HY7	7	7	69871
P09936	5	6	679048
Q16650	1	1	35815
P04062	1	1	11805
Q13509	2	3	50608
Q9NX58	1	1	4681
P25391	53	58	149778
P24844	3	4	262721
P18621	3	4	238984
O15347	2	2	52841
Q9NVA2	7	9	90893
Q96PD5	1	1	4720
O00567	4	4	62751
Q5T6J7	1	1	6861
Q9NRN7	1	1	23189
Q13642	2	2	152814
Q9Y2Q5	3	3	70179
O94819	1	1	4821
O76021	1	1	17445
P01891	1	1	15725
P62273	2	2	60516
Q13576	32	33	67266
P10412	1	1	26777
Q5T2T1	3	3	19300
Q05682	21	22	308015
P24298	1	1	50780
Q9HBH5	3	3	77957
P33121	20	23	204677
Q9Y5S9	2	2	60855
P21333	84	115	622060
P62805	10	13	3683121
Q8WUK0	1	1	2995
O00115	2	2	68057
P04080	3	5	221336
O15027	2	2	15418
P08697	5	5	33209
O00515	5	5	38539
Q15526	2	2	34343
P30086	11	20	818698
Q9BZE1	1	1	7499
O15195	1	1	59491
P50336	5	6	58781
Q9BYD6	3	3	34025
P17813	1	1	5922
P48643	12	14	326264
Q92930	1	1	15282
Q9Y3D6	3	3	84837
Q9UMX5	1	1	44281
Q8WUI4	1	1	204204
P49755	4	5	79005
P52943	4	5	105174
P35579	92	125	734816
Q9NTJ5	4	4	28257
Q9P032	1	1	10643
P07951	3	5	179007
Q96DH6	2	2	45462
P36405	5	5	79301
Q9BPW8	10	14	182765
Q8NEZ3	1	2	183120
P28330	3	3	16098
P24666	3	3	162275
Q9H4A4	9	10	82389
Q04760	8	9	284175
P29972	1	2	91565
Q13247	1	1	45867
P21695	20	25	114785
Q15418	1	1	34040
Q9C005	1	1	47544
Q9BT09	2	2	50486
P02788	11	11	196231
O14828	2	2	23794
Q8TBA6	1	1	87536
O75431	3	4	118409
P30419	3	3	54789
Q9NYL9	7	9	62689
O00571	5	5	78819
P41091	1	1	18975
Q9NZD2	4	4	83712
P09382	5	5	614262
P55786	12	14	210413
Q01085	1	1	17897
Q9BUP0	3	4	33722
P00390	15	21	144286
P49189	11	13	71435
P62714	1	1	8251
A1L0T0	2	2	14276
P42224	16	17	660296
O60488	1	1	11879
Q7LG56	3	3	33576
Q9H3G5	5	5	230636
P57737	3	3	29885
P27797	19	23	533670
Q9Y478	2	2	23537
P35542	2	2	39836
O43181	4	4	97047
Q02543	3	3	86631
O95782	3	3	46137
P07738	4	4	83101
Q9H173	2	2	24623
Q02218	21	25	154971
Q6P4F2	1	1	15019
Q96P70	2	2	24078
Q16881	7	7	194825
P38571	1	1	34302
Q15084	14	19	468586
P62906	3	3	226252
P09493	9	10	510305
Q15942	6	6	137429
Q9UHL4	9	11	86803
Q9Y3B7	3	3	83417
P01764	1	1	50485
P01040	1	1	30313
O95347	1	1	270
P36269	5	5	90595
Q7Z2W4	2	2	23774
P19652	5	7	184103
Q6PEY1	1	1	143368
Q9Y512	4	4	454136
Q9UHV9	3	3	79499
Q13451	8	8	128660
P62495	6	6	164941
P14543	28	32	172158
Q14789	1	1	7367
Q92621	1	1	2732
Q08211	21	23	191408
Q86TU7	2	2	6616
P69905	17	38	2549011
Q9H2H8	1	1	20001
P31513	1	1	28698
P07900	15	19	519134
P62244	4	4	191149
Q9UBU9	1	1	28941
Q96M96	1	1	11716
Q92747	1	1	33709
Q709C8	5	5	35846
P04275	16	17	68820
O60664	15	19	102075
Q9Y6C2	11	11	340856
P40261	7	10	992699
Q6IB77	14	16	168258
O00186	1	1	18700
Q16186	1	1	10574
Q53H82	5	5	68409
Q9P253	1	1	4874
Q8IX12	2	2	279676
Q16773	1	1	13354
Q16666	5	5	44478
P30101	29	42	622730
A6NDG6	1	1	44114
Q15165	5	7	50032
P00736	1	1	26929
O15244	1	1	13734
P06865	9	10	109538
Q9NQP4	1	1	24111
P28072	3	3	98867
P05155	10	11	269061
Q8IYQ7	1	1	8939
Q9UQB8	1	1	13344
Q8NF37	2	2	8054
P13639	22	28	672335
O75146	3	3	32259
Q6P587	7	10	66627
Q9BTE6	2	2	17126
Q86U42	1	1	136332
Q99816	2	2	26224
Q8WVM8	3	3	17594
O60218	5	5	428221
Q6NVY1	16	20	40778
Q14108	6	7	76091
Q6P996	3	3	35359
Q9C0B1	2	2	52139
Q07954	7	7	52915
P45973	1	1	23988
Q9H3N1	1	1	16662
Q9Y6G9	1	1	9393
P46087	1	1	175643
P00748	2	2	82058
Q9BYF1	2	2	22799
Q15847	3	4	25842
Q01082	94	117	373257
P61457	2	2	140304
Q96JY6	7	8	72486
O43491	7	7	89974
O15399	1	1	27946
Q96QR8	2	2	21485
P05162	2	3	46269
O94874	9	9	109844
Q15382	1	1	33053
Q9UBS4	2	3	60515
Q8IUX7	2	2	86683
P16112	1	1	16565
P01008	18	23	99988
P28332	6	6	90327
Q9NWS8	1	1	10618
P02751	54	67	466673
Q13765	3	4	91541
P12821	8	9	48034
Q9P260	1	1	4862
O75746	8	9	204444
Q13045	8	8	56344
Q8WW12	2	2	23872
O14974	3	3	87929
Q13813	124	144	241322
Q8IUD2	1	1	4123
O95721	2	2	41863
P22626	17	23	674690
P78371	22	24	234024
P50402	1	1	5745
P16157	16	16	79143
Q15365	5	6	333021
Q8IXI2	1	1	106294
P40926	18	23	529761
O60716	14	14	91660
P02792	11	17	453283
Q9HC35	6	6	79830
O14949	3	4	74713
P01023	49	62	268276
Q14203	11	11	173225
Q9HB20	1	1	4739
P30084	14	20	307163
Q14160	3	3	80458
P09104	8	13	129488
O43617	2	2	87784
P51580	3	3	51926
P60033	1	1	37386
Q13492	9	10	50039
P30273	3	3	39767
O60494	21	26	98880
Q0VF96	1	1	18469
Q16543	5	6	117277
O00148	1	1	11786
P62258	16	23	281656
Q6YN16	11	13	95307
O00422	1	1	9330
P43080	1	1	10098
P51798	1	1	16809
Q5VZ46	1	1	34735
Q15424	1	1	42060
P78330	2	2	88198
Q9BXP5	4	4	81534
Q495M3	2	2	14271
Q9Y2Z4	3	3	23725
P16930	13	15	111323
O94788	8	8	80286
P28070	4	4	114767
Q8N163	6	6	112924
Q9Y5X1	4	4	64686
Q9H2U2	11	16	57194
P06280	2	2	33087
O15014	1	1	15712
P51888	12	16	645763
P14780	1	1	14212
P11279	6	8	126222
Q5VIR6	2	2	16945
Q9NT62	2	2	36980
Q9BTW9	2	2	26600
Q02809	7	7	97019
P61201	3	3	30158
O15020	18	19	67366
P22676	2	2	42779
P22234	10	13	162939
Q9P0J0	3	3	86047
P21397	17	19	268709
P16615	4	4	46811
Q01518	16	21	508426
Q9HAB8	2	2	48054
Q5JPH6	2	2	58633
P09497	3	3	135394
P55084	25	30	404314
Q92973	3	3	58315
Q9NQX3	3	3	34201
P50479	2	2	65449
P14920	3	3	65495
Q9UKG1	3	3	10680
Q32P28	4	4	43535
P48147	1	2	41820
P32754	11	13	74576
Q06830	12	15	1235187
Q7L5N1	2	2	53888
O75891	26	30	266309
Q9BT78	5	5	132987
Q13126	3	4	55579
O60749	11	12	182375
Q14764	37	47	325919
P02042	9	14	254267
Q9HCB6	8	9	123542
P42574	1	1	14310
Q7L576	6	6	103550
Q6IAA8	5	5	83966
Q92575	1	1	22549
P29401	22	31	525223
P11215	1	1	22579
P63098	1	1	22227
Q8IVM0	1	1	10873
P17540	8	8	137258
Q15018	1	1	155558
O15540	5	5	87142
P84103	6	6	273244
P06133	1	1	15676
Q5T2W1	9	11	68661
Q99757	1	1	43239
Q93088	19	27	44055
Q9Y6D6	1	1	7914
P61626	5	5	66811
O95967	2	2	69059
O60220	2	2	52593
Q9Y606	2	2	184785
Q8IXB1	1	1	13345
O00151	10	10	281898
Q9NZ45	3	4	85221
P30040	8	9	266342
Q9UHA4	2	2	119449
Q8NBJ5	8	9	125316
Q16658	11	11	101993
P49407	2	2	27307
Q8WW59	8	8	74209
O94875	2	2	31884
Q6NV75	1	1	99262
Q15126	3	3	48751
Q9NYQ3	4	4	71912
Q9Y259	1	1	10192
P14854	3	3	71983
P07954	18	23	143758
P27482	3	3	77063
O15511	3	3	222137
Q02750	1	1	4297
P49753	1	1	5088
Q9UNS2	1	1	14433
Q9HCF6	1	1	20593
P27816	20	20	169566
Q15746	7	7	113233
Q8N6H7	1	1	7613
Q6UW63	1	1	17095
Q9NX46	2	2	59208
P10515	14	15	100949
P23142	5	5	229188
P15428	1	1	18674
Q96I99	21	23	201244
Q9Y697	2	2	58429
O43324	2	2	38002
Q9H9F9	1	1	35977
Q12904	7	7	99547
Q86VN1	2	2	31484
P51553	1	1	14354
Q8IVS2	1	1	7678
Q86UY8	1	1	12214
P39023	3	3	143708
Q8WTX9	1	1	114936
P18859	9	11	209859
A4D1P6	1	1	31695
Q9BQE5	8	9	138284
Q9UBG0	1	1	4573
P14866	10	11	177634
P00797	1	1	5818
P01717	1	2	59628
Q9H1E5	1	1	7088
Q8WWI1	8	8	30332
O95563	1	1	21705
O43294	2	2	58240
P63151	2	2	46926
P46108	3	3	38751
P55008	3	3	78778
Q14683	2	2	75388
P05937	15	21	82635
Q16719	1	1	11297
Q86UP2	29	29	127348
Q7KZF4	25	29	240679
Q9H845	10	11	62971
Q9BS26	4	4	126133
A6NNA5	1	1	69993
P04211	1	1	50901
Q9HBL0	19	20	106473
Q9H7C9	3	3	54681
Q9H269	1	1	10493
P43034	5	6	64987
Q13505	4	4	33715
P08263	1	1	62535
Q9H6S3	9	10	218724
P80404	15	20	65432
P50897	4	4	84136
Q9NY33	8	8	129359
P39059	9	10	143308
Q9NQT8	10	10	61904
P42677	1	1	19980
P25705	36	52	1005267
Q9UL25	4	4	92469
Q9NWU1	2	2	20553
Q5T440	3	4	49112
Q9Y262	4	4	53279
P55265	4	4	40059
Q96C00	1	1	48920
Q02978	17	18	164385
Q9NV96	1	1	14189
P32456	1	1	29450
Q99598	1	1	4102
Q9P2K5	2	2	67453
O95299	10	11	117045
Q9H4G4	1	1	13208
Q15181	10	15	278546
P46821	8	9	51792
Q9Y3F4	5	5	107512
Q5VXI9	1	1	37386
P05186	2	2	16982
P31943	3	3	100485
O95167	2	2	16829
P35611	9	10	62226
O75323	7	8	134023
Q14165	4	4	94270
Q9UGB7	3	3	76566
P23083	1	1	10680
Q8TD19	1	1	15839
P62310	1	1	91634
Q9UKU7	5	5	88863
P13693	3	3	88356
Q8N4Q0	1	1	6925
Q9Y3A6	1	1	19625
P13667	31	36	355315
P35080	4	5	114689
Q9P2F5	1	1	62658
Q9UH62	1	1	25493
Q8WXI4	1	1	14942
Q12797	11	13	66299
Q15121	2	3	77258
Q15843	3	4	108628
Q71UM5	1	2	92285
Q9H307	1	1	25217
Q00056	1	1	592354
Q6UXS9	1	1	135346
P27144	15	22	278726
O43815	1	1	15194
Q92890	1	1	25537
P17980	7	9	93170
Q96CM4	1	1	20873
Q05397	1	1	58160
P61221	4	4	49943
O75884	3	3	57340
Q6PIU2	7	9	90680
Q86YB7	5	6	31264
Q7Z6Z7	5	5	36230
O00154	4	4	95138
Q7L266	2	2	60221
P11498	41	49	143353
Q9GZT8	2	2	55747
P12931	1	1	28255
P21912	11	13	186105
O14618	2	2	54591
P49959	1	1	12080
Q5T447	1	1	83022
Q9P035	2	2	29119
P82650	3	3	53725
P50747	1	1	39081
P02746	2	2	95809
P13473	3	3	52224
O75531	1	1	77407
P29218	4	4	125789
Q9BQ52	1	1	3088
Q16630	2	2	89578
Q16740	2	2	22857
P42330	4	4	164916
P30042	7	10	148205
O43809	4	4	68752
Q13435	3	3	54302
Q5JTJ3	1	1	18190
P09132	1	1	1000
Q13526	1	1	85906
Q99497	10	11	425859
Q9BTT0	1	1	83922
Q8NHG7	1	1	16988
O00757	2	2	34128
P16152	13	15	275367
P23193	4	4	71680
P51690	1	1	16045
Q13404	1	1	2877
P62942	3	4	335465
Q7L0Y3	3	3	49665
O60784	4	4	40747
Q01433	1	1	31072
O94986	1	1	724566
Q7Z4W1	6	6	174097
P83111	3	3	67486
P29350	3	3	59973
Q92520	1	1	6013
P56192	2	2	61311
P08571	3	5	50819
P02749	3	3	127229
Q8WXX5	1	1	16411
Q6DD88	1	1	12910
P55060	7	7	99097
P34931	1	1	46743
P42785	4	4	179180
P60903	3	4	424050
Q9UIA9	1	1	21058
P09661	3	3	69953
Q12792	6	7	39937
P14923	7	7	142451
Q9P2R7	10	11	170561
P31153	6	7	116689
P18124	8	10	235377
O96000	3	3	59888
P60510	1	1	23863
Q8IYU8	2	2	43491
P08107	13	19	684906
P15531	4	5	196558
Q9NSD9	7	7	69229
Q9Y2X3	7	7	99445
Q93083	1	1	650
Q03518	5	5	35662
O60826	3	3	47668
P56134	3	3	178648
P53007	4	4	77859
P35527	14	14	138471
Q9H6V9	1	1	15884
Q15008	1	1	24269
P00739	2	2	19529
P36543	8	9	122565
Q9NRZ7	2	2	39260
Q9ULC6	2	2	20012
P55789	1	1	4629
P12644	1	1	1849520
P49914	1	1	8994
Q06278	8	8	184709
Q9UKY7	2	2	66590
P61586	1	1	5876
P61289	4	4	100317
Q8NBS9	12	12	214548
Q9Y2V2	3	4	166090
P25325	9	9	165618
Q06033	5	6	167466
Q9Y376	5	5	47200
P49789	3	4	71241
Q9Y4K1	5	5	22686
Q9HBG4	22	23	89472
Q9Y3I0	8	8	126601
Q8IZP0	1	1	15316
P42126	6	6	132293
Q8NI22	1	1	25573
O15371	1	1	5984
Q16790	5	6	76960
O94832	1	1	10687
P59103	1	1	380
P26599	10	14	237949
Q6GMR7	1	1	34538
P52758	7	10	157590
P24534	4	4	210377
P01859	4	5	487149
Q13155	2	2	45228
O75352	1	1	4515
O43768	1	1	3253
P12109	19	24	483001
Q969L2	1	1	35620
Q9P219	1	1	128141
Q9H4A3	1	1	53875
Q86UX2	5	5	102368
Q53T59	1	1	47782
P07996	15	16	453129
P48163	6	6	103267
Q9UBQ5	3	3	74430
Q14103	4	4	257211
P62841	1	1	6478
P12004	3	3	89507
Q8TAE8	1	1	80498
P30613	17	21	43395
Q562E7	1	1	7746
Q8NCW5	3	4	39836
P50991	11	11	248724
Q96CT7	2	2	57395
Q96HY6	3	4	20727
P62081	7	8	232535
P23396	15	16	283972
Q9NYL4	1	1	17722
Q96BY6	1	1	19093
P0CG38	1	1	27815
O95487	1	1	3079
P15313	14	18	166266
Q86V81	2	3	75942
Q6NUK1	10	10	134978
P0DJI9	1	2	63226
Q96KP4	27	44	749678
O43451	10	12	47906
P11586	26	27	93151
P14209	1	1	10183
P28288	2	2	14937
P46379	1	1	18642
Q8TEX9	2	2	13670
P62070	1	1	3163
Q9Y5J7	2	2	99039
Q13885	1	1	26566
Q3L8U1	1	1	20228
Q9H7Z7	13	14	76672
P45880	9	10	225019
Q96AP7	2	2	21984
Q9C0D6	1	1	9116
Q96TC7	1	1	32900
Q9Y3E7	1	1	225200
Q08722	1	1	19575
Q96HD9	4	4	46649
P01034	1	1	37553
Q9P0M6	2	2	52682
A6NJG2	1	1	18307
O75915	3	3	74433
P60468	1	1	8180
P04040	26	34	157213
Q15020	2	2	56471
A0PJK1	1	1	160553
P13804	15	21	105333
Q9NP81	5	5	55478
Q14677	7	7	99131
P61020	3	3	121484
Q8NBU5	1	1	24130
P01871	4	4	149052
O75153	1	1	29552
O60271	11	11	131146
Q86UX7	3	3	94462
P43652	4	5	105843
P08621	5	5	110915
P09417	8	10	124135
Q9Y333	3	4	142152
P01780	1	1	38775
Q9NZJ5	1	1	29699
Q9Y2T2	2	2	31555
Q9Y394	3	4	52275
Q9UI17	28	32	84589
Q13405	3	3	21662
P62995	3	4	143868
Q9NUL5	1	1	34322
O00534	2	2	55693
P00966	23	26	156771
P00558	24	34	1789506
Q13347	3	3	62726
Q99963	1	1	13282
P34896	14	18	221721
P12235	3	3	90002
Q9Y2Y0	1	1	7155
O60762	4	4	24151
P13798	13	13	219370
Q9HD45	1	1	17831
P62910	1	1	2783
O00391	1	1	60876
P36776	21	23	87200
Q07837	2	2	44380
Q8WV74	1	1	8241
Q12874	2	2	24036
O60502	2	2	35639
Q96IJ6	2	2	34954
Q9Y6I3	2	2	47107
P46736	1	1	88793
P11171	2	2	18566
O95881	2	2	105456
O75309	16	18	70824
P52566	7	7	226507
P07737	11	14	1199715
P40855	1	1	7424
Q4G176	7	9	162373
Q96S52	1	1	3040
O43676	2	2	117322
Q969H0	1	1	29378
O95571	2	2	54161
P36959	1	1	2382
O60506	7	8	184722
Q14126	1	1	9087
O75223	5	5	62400
Q16891	24	31	117311
Q9UJ70	7	8	129918
O14791	2	2	12214
Q4U2R8	2	2	35685
O60256	4	4	40918
Q15369	1	1	13910
Q6ZVF9	1	1	33657
P61006	1	2	22927
P17858	14	21	420599
P68036	6	6	87059
Q9Y277	6	8	64302
O75351	1	1	9090
P53597	8	11	264593
P05114	3	4	28873
Q01740	7	7	130666
Q15370	4	5	158187
P62753	5	5	270910
P30085	7	8	321261
P52597	6	8	112451
Q9H0N0	1	1	12210
P01834	8	11	1029051
O95436	1	1	5920
Q86VU5	1	1	1720
Q9NP58	1	1	709390
Q4VC31	2	2	88158
Q9H2M3	11	11	129990
Q08380	9	11	160693
Q9UEY8	9	9	50039
O95870	1	1	11379
Q9BY32	1	1	12321
P20645	3	4	234695
O95372	1	1	11181
Q9UK22	1	1	17969
O95400	1	1	15290
P30048	8	10	651102
Q13418	5	5	26481
Q9BW30	2	2	32401
Q9HAV7	3	3	151397
Q15428	2	2	18814
P39060	21	31	471050
P60660	7	8	919586
Q9UH65	2	2	38553
Q15118	2	2	85148
Q8N4P3	1	1	5529
Q9P0J1	4	4	47260
Q04917	8	11	136054
Q9Y2J2	13	14	177752
Q96PE7	1	1	32025
Q9Y4F1	11	11	75455
Q9H3Y8	1	1	260
Q8IZ83	4	4	49504
Q9NWV8	1	1	7493
O75821	4	4	79507
Q9UKK3	2	2	87731
Q9BQI0	2	2	25059
P27169	3	3	57887
Q9Y3C8	1	1	52772
Q92673	1	1	1733
Q3YEC7	2	2	60897
P27695	8	9	427326
P14174	5	6	538288
P29590	6	6	85850
P20591	5	5	59912
P63220	2	2	54773
Q96CW1	3	3	107282
Q96RQ3	12	12	64532
P52272	19	20	464857
Q9NZM1	29	29	281775
Q8N8A6	1	1	261114
Q08J23	2	2	30639
P07919	1	1	5001
Q8NDH3	3	3	44218
P14406	2	2	211430
P10155	3	3	132937
Q9UEE9	1	1	40113
P01611	1	1	1705
Q9BVM4	2	2	21381
Q9H444	5	6	47036
Q8N6T3	1	1	6163
P98082	10	11	218753
P00488	17	17	140103
Q9H8H3	2	3	114429
Q96CM8	13	18	98526
O14639	1	1	7081
P60866	2	2	225300
Q9BPX5	3	3	99403
Q9BUR5	4	4	51039
O14964	1	1	28466
P54868	12	13	124533
P18827	1	1	14223
O15085	1	1	106110
O00159	28	31	339919
O14745	14	17	132820
P04733	2	2	3754
Q15459	4	4	78559
Q99447	7	7	54967
P51608	4	4	68658
P43307	3	3	163957
Q7Z478	1	1	6205
Q709F0	7	7	94400
Q9BWH2	3	3	77271
O00330	6	6	192069
Q9NUI1	2	2	69163
Q92547	1	1	4461
Q15149	170	188	237117
P20073	8	9	134817
Q5JTH9	1	1	10638
Q14011	4	4	76644
Q9Y570	2	2	91524
O00429	11	12	66483
Q9P2D7	1	1	138431
Q05639	3	3	448325
Q6IBS0	4	4	120673
Q9P2R3	2	2	30274
Q9BRT3	1	1	19318
P04350	2	2	9129
Q15067	7	7	126577
Q6ZU35	1	1	97457
Q8NBN7	7	8	195624
Q9Y3D9	4	4	116506
Q93008	2	2	22326
Q13627	1	1	4381
P18583	1	1	114349
Q8ND23	1	1	7853
Q5VYY1	1	1	13364
Q8IV08	4	4	118255
P17050	3	3	82664
O75083	18	24	321043
P01591	2	2	37859
P16083	12	17	95574
Q96AT9	1	1	9941
Q8TEM1	1	1	21543
P00338	17	22	2095690
O60832	1	1	16250
O75340	4	5	106766
Q92882	2	2	93380
Q9H0T7	2	2	108489
P49773	4	6	350800
P13929	1	1	30158
Q16854	1	1	12375
Q92845	1	1	36461
Q2TAA2	4	4	60698
Q9BW91	2	2	24825
Q13098	2	2	28940
P08183	4	4	80293
P06396	22	31	338295
Q6UXV4	2	3	50740
P06702	3	3	107514
Q9NV70	1	1	12913
P54652	6	6	127628
Q9H773	5	5	101028
Q12805	2	2	128262
P07355	6	9	823006
P07602	4	4	101806
Q96EY8	2	2	41156
P43121	6	7	83311
P62829	2	2	160492
Q15063	29	42	1323475
P10586	1	1	32954
O14818	3	3	121875
P38919	6	7	136569
Q8NC51	4	4	49080
Q9UI30	1	1	7302
Q9NX40	6	9	166163
Q5R3I4	7	7	72735
Q16595	1	1	16434
P55058	2	3	28122
P00747	5	7	109151
Q13200	12	13	85501
Q8TAD7	1	1	1490
P26368	4	5	185632
P52209	10	11	147349
P22792	2	2	122358
Q8N465	1	1	16037
Q13464	1	1	38235
Q8IXM3	2	2	22053
Q96A19	1	1	19029
Q96EG3	1	1	37848
P33991	1	1	4436
Q99873	2	2	173608
P55957	1	2	11821
P15941	1	1	26440
Q9Y2S7	5	5	50721
Q9H6Z4	1	1	32426
Q9Y6M9	3	3	53505
Q969X1	1	1	19161
P35221	20	22	128410
Q92947	8	10	61465
O75717	1	1	209096
Q9H9S4	1	1	21563
Q8IWE2	3	3	52647
P46781	8	8	242251
P01625	2	2	120129
Q14694	1	1	44911
O95810	9	10	65339
O00468	25	29	305777
Q969V6	1	1	10391
Q99627	3	3	43836
Q9NQC3	4	4	173377
P05387	7	10	504435
P02679	16	23	249318
Q8NCN5	6	6	114957
Q8NFW8	3	3	25615
Q6PGP7	1	1	5315
P46926	5	6	108373
Q9NTX5	7	7	57113
P83731	3	3	139041
Q02083	1	1	17030
Q9P2E9	31	34	387157
P35659	2	2	61816
Q9Y3A5	2	2	101617
Q96R05	2	2	28232
Q96AE4	7	7	154896
Q16222	5	5	81740
Q9UFN0	6	7	71791
Q9NVH6	1	1	28430
P61758	2	2	27184
Q14847	11	11	322696
P01861	2	3	85852
Q16798	3	3	9020
P03886	1	1	16831
O14933	2	2	53577
P31948	17	17	197430
P47914	2	2	96260
Q08623	1	1	10565
P61081	3	3	72809
Q86TI2	1	1	9032
Q9H4A6	1	1	9983
P20933	3	3	38726
Q13501	4	4	39607
P18669	6	9	451262
P47756	8	8	234268
P20962	5	7	154814
P09496	4	4	197085
P14927	6	7	314649
P46779	3	3	128233
O14880	1	1	16099
P37840	3	4	53959
Q06210	5	5	87075
P63172	1	1	16999
Q9NPF4	1	1	30109
Q14978	2	2	44316
Q99426	4	4	72544
Q92530	3	3	86851
O15212	3	3	49792
P41240	2	2	50788
Q14244	2	2	241646
P00915	15	24	158807
P53999	2	2	275925
Q96FF7	1	1	8490
P39687	3	3	239185
P15880	7	7	244831
Q14767	1	1	31595
Q9BSH4	3	3	77801
Q562R1	3	4	2191945
Q6UWM9	4	4	44743
Q9ULH4	1	1	7319
Q9NRX2	1	1	20873
Q8N8N7	7	7	77068
P09601	3	3	39356
P08311	2	2	63957
O75534	2	2	29287
P51397	1	1	24493
Q9NUM4	1	1	20378
Q9BUL8	2	2	117897
Q6UB99	1	1	78499
P05109	1	1	64621
P08581	1	1	13231
Q6IN84	1	1	7417
P82980	4	5	98081
P33316	2	2	13148
Q07075	7	7	43664
Q3ZCQ8	5	5	57924
P49593	4	4	56306
O75191	2	2	47387
Q9NVI7	2	2	22151
Q8TDQ7	1	1	11992
Q01844	2	2	101735
Q99735	1	1	7798
P05062	19	29	113431
Q00577	6	7	104925
P20472	6	6	71253
Q8N0W3	2	2	21062
Q14112	19	26	185966
P10619	3	3	49649
P05107	2	2	36342
P35268	2	2	219381
P13489	5	6	204161
Q7L099	1	1	34690
Q9BV40	2	2	41931
Q8N1G4	8	9	141339
P00167	5	9	196934
Q13867	2	2	102956
Q14117	6	8	183618
Q53GQ0	4	4	151490
Q14728	1	1	3572
P30837	20	25	222179
P02741	4	5	413600
Q9UJZ1	12	15	51992
Q96C90	2	2	17481
P24311	1	1	10505
P08473	23	25	126212
P14618	35	54	2191482
Q8WX93	6	6	183115
Q05519	1	1	14621
Q9NUP9	1	1	29769
Q96Q06	37	39	71675
Q7LFX5	1	1	9323
Q9UNZ2	10	12	102206
Q9Y399	1	1	3598
P08572	6	7	146092
P22830	6	7	88832
Q9NY15	3	3	41998
O43760	2	2	80187
P22352	8	10	275209
P26639	7	8	80164
O60568	15	21	111240
P22105	14	14	233146
Q9NR30	1	1	17991
Q9H993	1	1	16751
P80748	1	1	28522
P61970	2	2	203708
P40939	38	51	432785
P05093	3	3	21749
Q9NTJ4	2	2	27168
P12236	1	1	153628
Q07021	9	11	122156
Q9H8L6	6	6	42181
Q9H0E2	6	6	65155
Q86SX6	1	1	24901
P06681	2	2	49137
Q8TE77	1	1	19037
Q6I9Y2	1	1	78582
P59998	5	5	318936
P04424	11	12	91650
O14980	2	2	11106
Q8N573	1	1	9449
P07451	4	4	40123
Q9Y265	9	10	170909
P07902	1	1	14086
Q17RC7	1	1	84431
P23368	3	3	155400
P16435	6	6	54884
P82914	1	1	30100
P26885	2	2	110265
Q9BXN1	7	8	122258
Q9NYK5	1	1	21637
Q15056	3	3	136877
Q9P015	3	3	34743
Q8NFH5	1	1	7650
Q9NZD4	2	2	26512
Q6NY19	2	2	12597
P39656	6	6	696621
Q9UIJ7	16	19	139291
Q9BXS5	5	5	43664
P61163	4	7	153562
O00244	1	1	76874
Q93100	1	1	40334
P19367	15	16	203119
P07942	31	36	181435
Q9UHX1	4	4	69426
P14635	1	1	21013
Q5VYK3	2	2	15238
Q9NVJ2	4	4	61523
P04179	18	32	2021399
Q9BZZ5	5	6	65404
O75251	3	3	70003
Q9NVZ3	3	3	81027
Q9UDY2	1	1	2115
P51178	1	1	32431
Q9C0C9	1	1	18963
P07357	2	2	41145
Q09028	2	2	112915
P53618	8	9	154615
O60669	1	1	3053
P27348	6	8	237161
P48751	1	1	40106
O75380	4	4	46392
P21291	9	10	120783
Q93091	1	1	14852
Q9UBT2	1	1	56960
Q8N0X7	1	1	8449
Q9BUH6	1	1	42770
Q16270	3	4	69281
P29622	1	1	13367
P12955	13	14	148598
Q08AH3	6	9	152908
O95861	2	2	65484
Q15349	1	1	108020
Q96FQ6	2	2	19536
O60547	1	1	11245
Q96KN1	5	5	93032
P35442	5	5	93323
Q10713	4	4	55392
Q9NRG7	3	4	30734
Q9NR64	1	1	9801
Q9UBC2	3	3	25557
P62750	3	3	219560
Q658N2	1	1	5803
Q13268	12	16	101316
Q15848	1	1	8155
Q14980	8	8	53253
Q5RKV6	1	1	6791
P51570	9	9	93908
Q12905	9	9	272178
P06331	1	1	36320
A3KMH1	13	13	57548
P56182	1	1	156837
Q9ULP9	2	2	48188
P31150	7	8	80422
P15144	36	41	83873
P00751	16	17	214328
P99999	9	12	152477
P04083	19	27	287867
P13761	1	1	12997
P62158	9	11	651900
Q9BXJ9	1	1	115809
P02511	16	25	1881829
Q96CS3	2	2	46802
P36955	12	12	138868
Q15119	2	2	19120
P57764	3	3	76584
Q6XQN6	11	11	60449
P61960	4	5	130411
Q9Y5B9	1	1	2332
P49458	2	2	144304
Q92616	19	21	146003
P46977	1	1	54724
P48723	1	1	45509
Q15642	1	1	24531
O75396	7	7	102972
Q9BSE5	9	12	128276
P51649	9	11	44048
Q99471	2	2	25483
P10768	8	10	164275
Q9H9P8	4	4	64893
Q6NUM9	2	2	24672
Q9NXA8	2	2	13118
Q8N5G0	1	1	29293
P49321	2	2	45460
P01877	1	1	23964
P09467	13	19	115530
Q16822	26	34	74180
Q9H0R4	3	3	29633
Q9UDX5	4	4	80015
O43488	6	7	171353
P37108	5	6	126801
Q08379	1	1	11608
Q08AM6	6	6	57545
O43598	4	5	99731
O15382	11	13	106620
Q01105	8	9	308603
Q9Y547	2	2	32054
P01024	77	101	542467
P12268	5	5	130228
P27824	16	21	350115
Q15262	2	2	58964
Q12768	2	2	26028
P49821	10	11	118367
Q9H2G2	2	2	17887
P40925	13	16	419087
O95777	3	3	139556
P04843	19	20	175281
Q8IXI1	2	2	76050
Q9BS40	2	2	56213
P22695	17	26	186444
Q9HB07	2	2	75940
Q9Y6M1	1	1	6161
Q9UJU6	8	8	88079
P62263	4	4	133226
Q9H0A0	1	1	7479
Q14192	2	2	79914
O75911	1	1	22175
P31946	6	9	394335
P50416	4	4	35740
Q5T3F8	1	1	1280060
P05141	3	3	174499
P30566	4	4	70407
P61769	2	2	52779
Q14344	2	2	24818
P60842	7	7	356257
Q9NTG7	2	2	31860
P00492	7	7	93332
Q96L92	3	3	73286
O00203	11	11	241686
Q9BXW7	1	1	24849
O00161	1	1	15819
Q969G5	4	4	77061
Q16795	10	11	87649
P35232	16	21	636584
P17252	4	4	56395
P61981	8	11	317409
B1AJZ9	2	2	186285
Q9P2T1	1	1	51629
P02144	2	2	25900
O14979	3	3	159728
P15291	1	1	15670
Q13162	7	8	167339
Q6PKG0	1	1	1995
P10644	8	8	100183
P62877	1	1	37253
O75110	2	2	14526
Q9NZI5	1	1	8764
P56537	4	4	228225
P09669	2	2	118908
P49411	18	25	492632
P06132	1	1	4391
P02747	4	5	276197
P30520	1	1	20111
P17844	8	8	150903
Q9Y230	9	9	176772
Q9BWX5	1	1	33205
P55884	8	8	99134
P26583	2	2	84803
Q02127	7	7	63223
O95822	9	9	73115
P30622	4	4	52525
P05023	19	25	124385
Q9BY44	1	1	24609
P67809	5	5	21586
P06737	14	17	110710
O15143	5	6	152302
Q96DG6	10	13	262119
P62820	6	7	62874
Q99807	1	1	10527
Q8N3K9	1	1	42191
P23528	5	6	707889
Q01432	1	1	3315
Q8WUH6	2	2	59054
P00367	14	19	332263
P04207	1	1	5457
Q9Y6R1	8	8	80962
Q03519	1	1	19528
Q9ULH7	1	1	66554
P02654	3	3	80752
P35606	14	15	153390
Q96C23	7	8	183352
Q6GMV3	2	2	82575
P84085	2	2	22367
Q93050	6	7	62002
Q7Z7H5	1	1	21589
O75525	2	2	270935
Q16851	17	19	230270
O95202	9	9	52199
Q96KP1	2	2	131626
P02655	3	3	57977
P56385	4	4	166844
P25311	7	10	82780
P78347	3	3	50135
P50995	14	15	239489
Q9UKF6	1	1	22574
P36542	13	16	210113
P05362	7	7	157760
Q9UPQ9	1	1	7543
Q9C0J9	1	1	149721
Q5T7N2	1	1	207780
O43776	7	7	96535
P52907	4	5	245534
O75489	14	16	113611
P19525	3	3	32786
Q9UKK9	3	3	103847
Q9BRF8	7	7	84167
Q9H061	1	1	29793
Q9UL46	11	15	289233
Q92597	10	16	128740
Q9UBX3	6	6	80457
Q9H1C7	1	1	26153
P34932	14	15	105669
Q13113	2	3	32724
Q8IVH4	2	2	29684
P04233	3	3	54538
Q9BWM7	5	5	43748
P08727	20	27	148385
P02768	49	71	8902900
P12270	5	5	35960
Q9H0N5	2	2	69744
Q13510	12	13	151679
P19440	2	2	154445
Q15257	5	6	131447
Q9UHD9	1	1	4058
P26447	3	3	189890
P23141	6	6	49553
O00442	2	2	30357
O76074	1	1	152133
Q96NB2	8	8	255052
Q15911	2	2	285541
Q969E2	1	1	10088
P16662	5	6	92334
P48556	3	3	106374
P55209	3	4	113454
Q13131	2	2	76047
P04216	2	2	108400
O15305	3	3	103801
Q07955	7	7	286654
Q14106	1	1	12636
Q9UNF0	5	7	91867
Q15819	1	1	2364
O60469	1	1	40451
O95817	2	2	71423
O95674	1	1	820
Q9H910	2	2	87598
O75356	8	8	70666
Q13630	4	4	97950
Q02818	7	7	108180
O00560	2	2	16817
P54920	8	8	125918
Q9H0U4	1	1	17917
O14936	5	5	36830
O95352	1	1	34444
P51688	2	2	48927
O14787	1	1	3836
O75643	6	6	44183
Q9UKS6	1	1	9658
P54687	1	1	25767
Q9Y2R9	1	1	26351
Q14151	1	1	32663
P21926	3	3	73497
Q9P0L0	2	3	204953
Q16718	4	6	73022
Q15691	5	6	204234
O14579	4	4	54627
Q9UJC5	1	1	47629
P28676	3	3	95708
P15559	3	3	118082
Q13148	6	6	102077
P02462	2	3	99787
Q13469	1	1	36313
P23526	13	15	235823
O43295	1	1	34840
Q9UM22	1	1	34071
Q53HC9	1	1	18020
Q99538	2	4	50395
P02730	15	19	30873
Q9UBV8	2	2	42053
Q9H832	1	1	9231
P30050	3	4	246282
P68402	2	3	163352
P43490	14	14	264648
P41222	3	4	36931
Q01658	1	1	36498
Q9UHD2	1	1	17088
P38646	33	43	641582
O14737	4	5	151183
O15173	4	4	104093
Q8NBF2	2	2	35061
O00763	3	3	15815
Q9NUB1	8	8	59255
Q14498	2	2	42529
P30049	4	7	163732
O75494	2	2	62523
Q9BUT1	6	7	125289
O60234	1	1	24989
Q86U28	3	3	58068
Q92542	2	2	34236
Q9BWW8	1	1	55994
Q7L1Q6	2	2	51971
P35251	1	1	63534
P11166	2	2	47999
Q15293	9	9	153275
O95298	1	1	54464
O15229	1	1	19642
Q16836	17	23	125599
P57088	1	1	34827
O60888	2	3	108034
Q92841	9	9	167017
P34949	7	7	81745
P46063	5	5	109980
Q15555	1	1	13035
P09211	11	19	679799
Q9Y276	4	4	36854
Q9NPJ3	3	4	89533
Q9HDC9	10	10	115063
P08758	19	24	1317556
Q6UVK1	3	3	54957
Q99424	5	5	57687
P51665	4	5	80186
P23246	10	10	159227
Q96T51	2	2	8520
P01042	7	9	408376
P25685	4	4	88927
Q9NP72	3	3	111915
Q5XKP0	1	1	6938
Q13838	3	3	106106
P42025	4	4	40043
O60884	6	6	98160
Q9UKM9	5	5	199260
Q9BXD5	4	4	36416
P62745	1	1	6134
Q5T6V5	2	2	37702
Q99459	3	3	105427
P22061	6	6	155987
Q96C19	6	6	157959
Q15404	10	12	182794
Q8ND30	1	1	2041
Q13825	7	7	108756
P11177	13	16	100189
Q9BX68	5	8	137094
Q8TCT9	1	1	58845
Q99747	2	2	35343
Q9NQR4	9	9	98944
P07196	1	1	8544
Q9NR50	1	1	33537
Q8WTV0	1	1	21675
Q5QP74	1	1	34344
O75964	4	5	111308
P17152	1	1	9405
P12429	14	15	421207
Q96CD0	1	1	10963
P07686	11	14	132466
Q15286	2	2	29061
Q01469	4	4	224657
P07203	7	7	238089
Q32MZ4	7	7	62872
P62304	1	1	8549
Q9Y2Q3	11	14	93309
P52815	4	4	67844
P50053	6	8	185149
Q9BTM9	1	1	13327
Q8NEZ5	1	1	19394
O43747	8	9	139225
Q13151	5	5	89188
P30047	2	2	25812
Q96GK7	3	4	55909
P61421	6	6	95736
Q16890	2	2	27479
Q9BYE9	5	5	47702
P15311	25	34	346774
P02649	16	19	136016
O75936	11	12	79023
Q9NPB9	1	1	22089
Q9BVA1	1	1	23640
Q8N4H5	1	1	3786
Q9Y2Z9	3	3	74341
P23946	3	3	32901
P47895	3	3	20544
P55081	1	1	5788
P43487	3	3	124088
P14550	13	17	365449
P51970	3	3	54143
Q53GG5	1	1	67713
P09972	9	10	1980348
P07305	7	8	109065
P05165	31	36	145975
Q8WZA2	1	1	20889
Q92734	8	8	110169
O75475	3	3	57063
P34913	11	11	133855
P08579	1	1	5761
P46940	35	37	149050
Q9H0D6	1	1	7194
Q8N142	11	12	94713
Q15006	1	1	7216
P25789	6	6	225199
P62899	3	3	76832
Q9NQH7	1	1	31177
P06744	21	34	498877
P19224	4	4	116287
P27487	17	19	201017
P14625	29	37	1553213
P25788	6	6	141866
P04844	11	13	113815
Q9UGI8	4	4	65074
Q96NG3	1	1	60865
O00533	1	1	59913
P22087	3	4	221578
P48449	1	1	19726
Q12906	12	14	226486
Q9UJ68	5	5	52510
P61009	3	3	106282
O43390	5	5	179611
P49903	1	1	8671
Q9GZS3	2	2	19506
P01598	1	1	41900
Q8IWW8	1	1	21868
P49748	33	39	144318
Q96IZ0	1	1	9300
P61160	8	9	132060
Q9BYD3	3	3	41779
Q9H078	3	3	33973
Q9BXK5	6	6	27926
P54578	7	7	154639
P08603	7	8	105020
Q96PU8	2	2	68706
A0MZ66	1	1	19277
P19404	6	7	131411
Q9Y5J6	1	1	930
P60228	5	5	124534
P27449	1	1	35081
P06730	3	3	43473
Q8NE86	3	3	115094
Q9Y5Y6	1	1	50525
Q15833	2	3	26617
P62857	5	5	282986
P16422	1	1	9932
P02786	8	8	88419
Q9Y584	1	1	18441
Q27J81	6	6	20406
P43243	12	13	122100
Q9C040	5	5	48463
Q92538	1	1	4430
P0C0L4	2	2	81846
Q9NZL4	1	1	23733
Q9Y597	1	1	2322
Q96EY7	2	2	61337
P24821	43	54	286744
Q9Y6Y8	5	5	54280
O95865	8	10	247301
Q9BXX0	2	2	72626
Q8N5M1	5	5	41084
Q9HC38	9	10	164926
Q13217	2	2	41942
Q13185	3	3	100241
Q9UPN3	1	1	21603
P67775	1	1	19126
Q70UQ0	6	6	68804
Q9BZF9	1	1	8495
P18754	1	1	32534
P52594	1	1	49315
O95831	28	34	120075
P15104	2	2	55603
P05413	7	9	219776
Q9BRQ6	1	1	540
Q9NRV9	7	9	164354
O60656	1	2	46368
Q5HYI8	2	2	129577
P32969	4	5	211619
Q15717	7	7	112927
P28062	4	5	162889
Q14008	1	1	10864
P02750	8	9	143936
O94925	16	18	182940
P55290	4	4	86251
P07099	11	11	132556
Q16864	6	8	160250
P11940	1	1	107204
Q14061	1	1	15501
Q92552	6	6	37389
Q9Y6K5	1	1	14448
Q9Y2T3	22	26	63376
P19022	1	1	6964
Q13884	6	7	85963
Q9BTZ2	2	2	54899
P26440	13	15	258337
P05090	4	4	113376
Q9NQ50	1	1	12749
Q14258	3	3	26656
Q15036	1	1	21460
Q9H3P7	1	1	8586
P62266	5	5	74452
P31942	6	8	66715
P33151	1	1	4359
Q9BWD1	2	2	99230
Q9UI08	1	1	5808
P23919	2	2	80009
P78344	1	1	15217
Q9H553	1	1	17050
Q9Y624	2	2	22800
Q8IW45	3	3	53290
P35222	8	8	47702
Q9BSA4	1	1	151724
O95786	1	1	7394
P01781	2	2	104839
Q13561	12	14	173608
Q99439	2	3	64986
Q969I3	4	4	41670
Q8NFD5	1	1	15823
P48444	9	10	118765
O75674	1	1	13687
O95222	1	1	16690
Q99653	2	2	56582
Q99685	3	4	58919
Q9Y2R0	3	3	65404
P22059	6	6	56622
Q14155	1	1	96600
P46782	4	4	102484
Q96RP9	6	6	85617
Q00765	3	4	64108
P09525	28	39	866396
P54619	4	4	90836
O75438	1	1	31976
P49247	1	1	40649
P24539	15	19	154154
Q9NNW7	7	7	54776
P49720	3	5	122955
Q8NCW6	1	1	15469
Q9Y5Z4	6	6	136223
O60613	1	1	9162
O95232	1	1	13952
Q15493	1	1	6381
Q96EL3	1	1	6842
O00217	5	5	123221
Q8N0X4	11	11	69294
P49590	2	2	41326
P33992	1	1	14720
Q9BQG0	1	1	23767
Q6JQN1	5	5	24802
Q96F07	1	1	81707
P51648	7	8	49494
Q02878	11	14	372415
Q13596	6	6	58830
P43155	9	9	74584
P19827	13	15	478668
P33240	2	2	136959
Q14019	8	9	293405
Q96BW5	7	7	46831
P01619	1	1	35772
Q9P2J5	14	14	100476
Q96PK6	2	2	27664
P48426	1	1	7658
Q8ND07	1	1	9146
P10109	2	2	38668
Q9NZ08	7	7	111455
Q13084	1	1	6161
O15400	3	3	51959
P43897	5	5	71749
Q99729	3	3	119370
Q9H477	5	5	96567
O76070	3	3	67518
P31937	12	16	176712
P63173	3	3	156472
P61086	1	1	50492
P31947	1	1	33277
P04632	6	7	120662
P10636	9	11	42874
P12074	2	4	46146
Q3LXA3	18	25	50676
P51398	2	2	29429
P41250	9	10	93858
Q86Y56	1	1	4158
Q9NPH2	5	5	253882
P24158	3	3	144891
P30043	8	10	195571
Q8N5N7	4	4	127973
Q9Y2Z0	2	2	53371
Q8IY17	1	1	30548
P62280	4	4	553866
Q13976	1	1	2951
Q9UHG3	12	14	122851
P00738	10	13	393427
P78417	9	9	245531
O75844	1	1	1720
P46776	2	2	250314
P08236	5	5	72797
O75880	3	3	66681
P07384	20	20	124772
P08397	1	1	2283
Q14956	4	4	111008
Q13425	1	1	16672
Q96QF0	1	1	15397
O00264	5	5	71350
Q16587	1	1	149953
P55769	3	4	272012
Q86TI0	1	1	1821
Q9BXR0	1	1	25045
Q9NSE4	18	19	88923
Q15031	3	3	58226
Q96T76	1	1	3360
Q9UQ90	1	1	17972
O14874	2	2	74564
O43237	7	7	73505
P50148	1	1	5184
P08575	1	1	27961
P39210	1	1	4556
P13671	3	4	99166
P07911	12	13	175333
Q9BSH5	6	7	167588
P09668	4	5	140903
Q9Y4G6	8	8	57703
Q13188	1	1	7355
Q9H4G0	7	7	68026
Q9Y619	3	3	32270
Q9GZP8	1	1	2206
P23434	1	1	41880
O00479	1	1	9288
Q96IX5	3	3	65266
O43708	1	1	7132
O75521	9	11	68560
P82664	1	1	31801
P82933	1	1	21422
O94903	4	4	87573
Q9NSY0	2	2	25918
Q15435	6	7	106381
P08865	9	11	364030
Q10567	13	13	342069
O94826	6	7	157562
P54802	4	4	34120
O60902	1	1	71727
P25398	2	2	188521
O95373	1	1	48863
Q8NC56	2	2	19395
Q8WWY3	1	1	34647
Q96M27	4	5	56960
Q8TD55	2	2	57522
P09914	1	1	35449
P62913	2	3	216260
P20810	5	5	93726
Q6UWR7	3	3	28078
Q8WW52	3	4	62779
P61225	1	1	8993
P53992	5	5	27536
P14314	10	10	142834
O00748	11	15	118594
P23378	6	6	70778
Q96Q11	1	1	19402
Q9Y281	1	2	23296
P05156	4	4	113230
P26640	11	11	93528
O00469	17	21	246558
Q15185	3	3	304742
Q8NBF6	1	1	40918
P56556	4	4	59631
Q8WTS1	1	1	12285
P09110	10	12	68508
Q15327	1	1	4829
P36873	2	2	82392
Q9UHQ9	4	4	113070
P00352	24	35	429126
P04406	31	48	4580990
P27635	1	1	19987
P55327	9	11	97485
O14975	6	6	42730
Q15582	20	27	610085
P45954	13	18	92044
Q92900	3	3	33113
O00754	2	2	31093
P07108	5	8	150126
P11766	11	16	247209
P35813	2	2	47785
P27105	6	6	45448
P50570	3	3	139384
P12110	17	20	598533
Q9Y6C9	6	8	108450
Q02928	5	5	48388
Q9BW92	3	3	78920
P20774	10	12	217194
P68371	2	2	598427
Q07866	1	1	24574
Q00839	11	14	351880
O15061	1	1	4451
Q9BQA1	1	1	32942
Q9NQW7	6	6	65630
Q92665	1	1	10828
P46109	2	2	78752
O14529	1	1	35794
Q93009	3	3	34154
P56181	1	1	22462
Q96F10	1	1	49332
Q15027	1	1	53251
P05546	7	7	46237
P26373	7	7	240042
Q00169	1	1	24043
Q9Y237	1	1	7718
P05230	1	1	4933
Q05469	11	11	200706
P49419	23	28	198764
O76038	9	10	59020
P50395	15	17	491685
P21283	11	13	65525
Q08257	19	27	462075
P51161	3	3	82732
Q9H2A2	5	6	44439
P13010	15	16	312771
O95182	3	3	74321
P62241	5	5	174284
Q14573	1	1	8627
Q99436	3	3	114774